1111111111111111111111111111111111111111
1111111111111111111111111111111111111111
1111111111111111111111111111111111111111
1111111111111111111111111111111111111111
1111111111111111111111111111111110001111
1111111111111111111111111111110000001111
1111111111111111111111111111110000001111
1111111111111111111111111111110000001111
1111111111111111111111111111110000001111
1111111111111111111111111111110000001111
1111111111111111111111111111111000001111
1111111111111111111111111111111000001111
1111111111111111111111111111111000001111
1111111111111111111111111111111000001111
1111111111111111111111111111111000001111
1111111111111111111111111111111000001111
1111111111111111111111111111111000001111
1111111111111111111111111111111000001111
1111111111111111111111111111111000001111
1111111111111111111111111111110000001111
1111111111111111111111111111110000001111
1111111111111111111111111111110000001111
1111111111111111111111111111110000011111
1111111111111111111111111111110000011111
1111111111111111111111111111110000011111
1111111111111111111111111111110000011111
1111111111111111111111111111110000011111
1111111111111111111111111111110000011111
1111111111111111111111111111110000011111
1111111111111111111111111111100000011111
1111111111111111111111111111100000011111
1111111111111111111111111111100000011111
1111111111111111111111111111100000111111
1111111111111111111111111111100000111111
1111111111111111111111111111100000111111
1111111111111111111111111111000000111111
1111111111111111111111111111000000111111
1111111111111111111111111111000000111111
1111111111111111111111111111111001111111
1111111111111111111111111111111111111111
1