1111111111111111111111111111111111111111
1111111111111111111111111111111111111111
1111111111111111111111111111111111111111
1111111100001111111111111111111111111111
1111111100000011111111111111111111111111
1111111100000011111111111111111111111111
1111111100000111111111111111111111111111
1111111000000111111111111111111111111111
1111111000000111111111111111111111111111
1111111000001111111111111111111111111111
1111110000001111111111111111111111111111
1111110000001111111111111111111111111111
1111110000001111111111111111111111111111
1111110000011111111111111111111111111111
1111100000011111111111111111111111111111
1111100000011111111111111111111111111111
1111100000111111111111111111111111111111
1111100000111111111111111111111111111111
1111000000111111111111111111111111111111
1111000000111111111111111111111111111111
1111000000111111111111111111111111111111
1111000001111111111111111111111111111111
1110000001111111111111111111111111111111
1110000001111111111111111111111111111111
1110000011111111111111111111111111111111
1110000011111111111111111111111111111111
1110000011111111111111111111111111111111
1100000011111111111111111111111111111111
1100000011111111111111111111111111111111
1100000111111111111111111111111111111111
1000000111111111111111111111111111111111
1000000111111111111111111111111111111111
1000001111111111111111111111111111111111
1000001111111111111111111111111111111111
0000001111111111111111111111111111111111
0000001111111111111111111111111111111111
0000011111111111111111111111111111111111
0000011111111111111111111111111111111111
0000011111111111111111111111111111111111
1111011111111111111111111111111111111111
1