1111111111111111111111111111111111111111
1111111111111111111111111111111111111111
1111111111111111111111111111111111111111
1111111111111111111111111111111111111111
1111111111111111111000000000011111111111
1111111111111111100000000000011111111111
1111111111111111000000000000011111111111
1111111111111110000000000000011111111111
1111111111111110000000000000011111111111
1111111111111100000011111111111111111111
1111111111111100000111111111100111111111
1111111111111000000111111111100000111111
1111111111111000001111111111000000111111
1111111111111000001111111111000000111111
1111111111110000001111111111000000111111
1111111111110000011111111110000001111111
1111111111110000011111111110000001111111
1111111111110000011111111100000011111111
1111111111110000011111111000000011111111
1111111111100000011111110000000011111111
1111111111100000111111100000000111111111
1111111111110000011110000000000111111111
1111111111110000001000000000000111111111
1111111111110000000000000000000111111111
1111111111111000000000000000001111111111
1111111111111000000000000000001111111111
1111111111111100000000010000001111111111
1111111111111111000011110000011111111111
1111111111111111111111110000011111111111
1111111111111111111111110000011111111111
1111111111111111111111100000011111111111
1111111111111111111111100000111111111111
1111111111111111111111000000111111111111
1111111111111111111111000001111111111111
1111111111111111111111000001111111111111
1111111111111111111110000001111111111111
1111111111111111111110000011111111111111
1111111111111111111110000011111111111111
1111111111111111111110000011111111111111
1111111111111111111111110011111111111111
9