1111111111111111111111111111111111111111
1111111111111111111111111111111111111111
1111111111111111111111111111111111111111
1111111111111111111111111111111111111111
1111111111111111111111111111111111111111
1111111111111111110000000001111111111111
1111111111111111000000000001111111111111
1111111111111110000000000001111111111111
1111111111111100000000000001111111111111
1111111111111000000000000001111111111111
1111111111110000000011111000111111111111
1111111111110000001111110000001111111111
1111111111100000011111100000001111111111
1111111111100000011111000000011111111111
1111111111100000111110000000111111111111
1111111111100000111000000000111111111111
1111111111100000110000000001111111111111
1111111111100000000000000001111111111111
1111111111100000000000000001111111111111
1111111111110000000000000011111111111111
1111111111111000000000000011111111111111
1111111111111100000000000111111111111111
1111111111111111111000000111111111111111
1111111111111111111000001111111111111111
1111111111111111111000001111111111111111
1111111111111111110000001111111111111111
1111111111111111110000011111111111111111
1111111111111111100000011111111111111111
1111111111111111100000111111111111111111
1111111111111111100000111111111111111111
1111111111111111000000111111111111111111
1111111111111111000001111111111111111111
1111111111111111000001111111111111111111
1111111111111110000001111111111111111111
1111111111111110000011111111111111111111
1111111111111110000011111111111111111111
1111111111111100000011111111111111111111
1111111111111100000111111111111111111111
1111111111111111100111111111111111111111
1111111111111111111111111111111111111111
9