1111111111111111111111111111111111111111
1111111111111111111111111111111111111111
1111111111111111111111111111111111111111
1111111111111111111111111111111111111111
1111111111111111111110111111111111111111
1111111111111111111110001111111111111111
1111111111111111111100000000011111111111
1111111111111111111000000000011111111111
1111111111111111111000000000011111111111
1111111111111111110000000000011111111111
1111111111111111100000000000011111111111
1111111111111111000000000000011111111111
1111111111111111000000100000011111111111
1111111111111110000000100000011111111111
1111111111111100000001100000111111111111
1111111111111000000011100000111111111111
1111111111110000000111100000111111111111
1111111111100000000111100000111111111111
1111111111000000001111100000111111111111
1111111110000000011111100000111111111111
1111111110000000111111100000111111111111
1111111100000001111111100000111111111111
1111111000000011111111100000000000111111
1111110000000000000000000000000000000001
1111110000000000000000000000000000000001
1111110000000000000000000000000000000001
1111111000000000000000000000000000000001
1111111000000000000000000000000000000001
1111111100000000000001100000111111110001
1111111111111111111111100000111111111111
1111111111111111111111100000111111111111
1111111111111111111111100000111111111111
1111111111111111111111100000111111111111
1111111111111111111111100000111111111111
1111111111111111111111100000111111111111
1111111111111111111111100000111111111111
1111111111111111111111111111111111111111
1111111111111111111111111111111111111111
1111111111111111111111111111111111111111
1111111111111111111111111111111111111111
3