1111111111111111111111111111111111111111
1111111111111111111111111111111111111111
1111111111111111100000111111111111111111
1111111111111000000000111111111111111111
1111111111110000000000111111111111111111
1111111111110000000000111111111111111111
1111111111100000000000111111111111111111
1111111111000000000000111111111111111111
1111111110000000100000111111111111111111
1111111110000001100000111111111111111111
1111111100000001000000111111111111111111
1111111000000011000000111111111111111111
1111111000000111000000111111111111111111
1111110000000111000000111111111111111111
1111100000001111000000111111111111111111
1111100000011111000000111111111111111111
1111000000011111000000111111111111111111
1110000000111111000001111111111111111111
1110000001111111000001111111111111111111
1100000011111111000001111100000000001111
1000000000000000000000000000000000001111
1000000000000000000000000000000000001111
1100000000000000000000000000000000001111
1100000000000000000000000000000000001111
1110000000000000000000000000000000011111
1111111111111110000001111111111111111111
1111111111111110000011111111111111111111
1111111111111110000011111111111111111111
1111111111111110000011111111111111111111
1111111111111110000011111111111111111111
1111111111111110000011111111111111111111
1111111111111100000011111111111111111111
1111111111111100000011111111111111111111
1111111111111111111111111111111111111111
1111111111111111111111111111111111111111
1111111111111111111111111111111111111111
1111111111111111111111111111111111111111
1111111111111111111111111111111111111111
1111111111111111111111111111111111111111
1111111111111111111111111111111111111111
4