1111111111111111111111111111111111111111
1111111111111111111111111111111111111111
1111111111111111111111111111111111111111
1111111111111111111111100011111111111111
1111111111111111111111000000111111111111
1111111111111111111111000000000111111111
1111111111111111111110000000000111111111
1111111111111111111100000000000111111111
1111111111111111111000000000000111111111
1111111111111111111000000000001111111111
1111111111111111110000000000001111111111
1111111111111111100000001000001111111111
1111111111111111100000011000001111111111
1111111111111111000000011000001111111111
1111111111111111000000111000001111111111
1111111111111100000001111000001111111111
1111111111111100000001111000001111111111
1111111111110000000011111000001111111111
1111111111100000000111111000001111111111
1111111111000000001111111000001111111111
1111111110000000011111111000001111111111
1111111100000000111111111000001111111111
1111111100000001111111111000000000000011
1111111000000011111110000000000000000000
1111110000000000000000000000000000000000
1111110000000000000000000000000000000000
1111110000000000000000000000000000000000
1111111000000000000000000000000011110000
1111111000000000000000000000001111111111
1111111111000000011111110000001111111111
1111111111111111111111110000001111111111
1111111111111111111111110000001111111111
1111111111111111111111110000001111111111
1111111111111111111111110000001111111111
1111111111111111111111110000001111111111
1111111111111111111111110000001111111111
1111111111111111111111110000001111111111
1111111111111111111111110000001111111111
1111111111111111111111110000001111111111
1111111111111111111111111111111111111111
4