1111111111111111111111111111111111111111
1111111111111111111111111111111111111111
1111111111111111111111111111111111111111
1111111111111111110000011111111111111111
1111111111111111110000010111111111111111
1111111111111111100000010000011111111111
1111111111111111100000010000011111111111
1111111111111111000000010000011111111111
1111111111111111000000110000011111111111
1111111111111110000000110000011111111111
1111111111111110000001110000011111111111
1111111111111100000011100000011111111111
1111111111111000000011100000011111111111
1111111111110000000111100000011111111111
1111111111110000001111100000011111111111
1111111111100000001111100000011111111111
1111111111000000011111100000111111111111
1111111111000000111111100000111111111111
1111111110000001111111100000111111111111
1111111100000001111111100000111111111111
1111111000000011111111100000111111111111
1111111000000111111111100000111111111111
1111110000000111111111100000111111111111
1111100000001111111111100000111111111111
1111100000011111111111100000111111111111
1111000000011111111111100000111111111111
1111000000111111111111000000000000000111
1110000001111110000000000000000000000111
1100000000000000000000000000000000000111
1100000000000000000000000000000000000111
1100000000000000000000000000000000000011
1100000000000000000000000001111111111111
1110000000000000001111000001111111111111
1111100001111111111111000001111111111111
1111111111111111111111000001111111111111
1111111111111111111111000001111111111111
1111111111111111111111000001111111111111
1111111111111111111111000001111111111111
1111111111111111111111000001111111111111
1111111111111111111111000001111111111111
4