1111111111111111111111111111111111111111
1111111111111111111111111111111111111111
1111111111111111111111111111111111111111
1111111111111111111111111111111111111111
1111111111111111111000000111111111111111
1111111111111111111000000111111111111111
1111111111111111111000001111111111111111
1111111111111111111000001110000001111111
1111111111111111110000001110000001111111
1111111111111111110000001110000001111111
1111111111111111100000011110000001111111
1111111111111111100000011110000001111111
1111111111111111000000111110000001111111
1111111111111111000000111110000001111111
1111111111111110000001111110000001111111
1111111111111100000001111110000001111111
1111111111111000000011111110000001111111
1111111111110000000011111110000001111111
1111111111110000000111111110000001111111
1111111111100000001111111110000001111111
1111111111100000011111111110000000000011
1111111111000000111100000000000000000011
1111111111000000000000000000000000000000
1111111111000000000000000000000000000000
1111111111000000000000000000000000000001
1111111111100000000000000000000000111111
1111111111100000000000000000000011111111
1111111111111111111111111100000011111111
1111111111111111111111111100000011111111
1111111111111111111111111100000011111111
1111111111111111111111111100000011111111
1111111111111111111111111100000111111111
1111111111111111111111111100000111111111
1111111111111111111111111100000111111111
1111111111111111111111111000000111111111
1111111111111111111111111000000111111111
1111111111111111111111111000000111111111
1111111111111111111111111000001111111111
1111111111111111111111111111111111111111
1111111111111111111111111111111111111111
4