1111111111111111111111111111111111111111
1111111111111111111111111111111111111111
1111111111111111111111111111111111111111
1111111111111111111111111111111111111111
1111111111111111111111110000000111111111
1111111111111111111111100000000111111111
1111111111111111111111100000000111111111
1111111111111111111111000000000111111111
1111111111111111111110000000000111111111
1111111111111111111100000000000111111111
1111111111111111111000000000000111111111
1111111111111111111000000000000111111111
1111111111111111110000000000000111111111
1111111111111111100000001000000111111111
1111111111111111000000011000000111111111
1111111111111110000000111000000111111111
1111111111111100000001111000001111111111
1111111111111000000011111000001111111111
1111111111110000000111111000001111111111
1111111111100000000111111000001111111111
1111111111000000011111111000001111111111
1111111110000000011111111000001111111111
1111111100000000111111111000001100000111
1111111000000001111111100000000000000111
1111110000000000000000000000000000000111
1111110000000000000000000000000000000111
1111110000000000000000000000000000000111
1111110000000000000000000000000000111111
1111110000000000000000000000011111111111
1111111111111111111111110000001111111111
1111111111111111111111110000001111111111
1111111111111111111111111000001111111111
1111111111111111111111111000001111111111
1111111111111111111111111000001111111111
1111111111111111111111111111111111111111
1111111111111111111111111111111111111111
1111111111111111111111111111111111111111
1111111111111111111111111111111111111111
1111111111111111111111111111111111111111
1111111111111111111111111111111111111111
4