1111111111111111111111111111111111111111
1111111111111111111111111111111111111111
1111111111111111111111111111111111111111
1111111111111111111111111100000001111111
1111111111111111111111111000000001111111
1111111111111111111111111000000001111111
1111111111111111111111110000000001111111
1111111111111111111111110000000001111111
1111111111111111111111100000000001111111
1111111111111111111111000000000001111111
1111111111111111111110000000000001111111
1111111111111111111110000000000001111111
1111111111111111111100000000000001111111
1111111111111111111000000010000001111111
1111111111111111111000000110000001111111
1111111111111111110000000110000001111111
1111111111111111100000001110000001111111
1111111111111111000000011110000001111111
1111111111111111000000011110000001111111
1111111111111110000000111110000001111111
1111111111111100000001111111000001000000
1111111111111100000011111110000000000000
1111111111111000000111111111000000000000
1111111111110000000111100000000000000000
1111111111100000000000000000000000000000
1111111111000000000000000000000000001111
1111111110000000000000000000000001111111
1111111110000000000000000000000001111111
1111111111000000000000000011000001111111
1111111111000000000001111111000001111111
1111111111000111111111111111000001111111
1111111111111111111111111111000001111111
1111111111111111111111111111000001111111
1111111111111111111111111110000001111111
1111111111111111111111111110000001111111
1111111111111111111111111110000001111111
1111111111111111111111111110000001111111
1111111111111111111111111111000001111111
1111111111111111111111111111100011111111
1111111111111111111111111111011111111111
4