1111111111111111111111111111111111111111
1111111111101111111111111111111111111111
1111111111100011111111111111111111111111
1111111111000000000111111111111111111111
1111111110000000000111111111111111111111
1111111110000000000111111111111111111111
1111111100000000000111111111111111111111
1111111000000000000111111111111111111111
1111111000000100000011111111111111111111
1111110000000100000011111111111111111111
1111100000001100000011111111111111111111
1111100000011100000011111111111111111111
1111000000111100000111111111111111111111
1111000000111100000111111111111111111111
1110000001111100000111111111111111111111
1110000001111100000111111111111111111111
1100000011111100000111111111111111111111
1000000011111100000111111111111111111111
1000000111111100000111111111111111111111
0000000111111100000111111111111111111111
0000001111111100000111111111111111110111
0000001111111100000000000000000000000111
0000000000000000000000000000000000000111
0000000000000000000000000000000000000111
0000000000000000000000000000000000000111
0000000000000000000000000000000000000111
0000000000000000000001111111111111111111
1111111111111000000111111111111111111111
1111111111111000000111111111111111111111
1111111111111000000111111111111111111111
1111111111111000000111111111111111111111
1111111111111000000111111111111111111111
1111111111111000000111111111111111111111
1111111111111000000111111111111111111111
1111111111111000000111111111111111111111
1111111111111000000111111111111111111111
1111111111111000001111111111111111111111
1111111111111000001111111111111111111111
1111111111111100001111111111111111111111
1111111111111011111111111111111111111111
4