1111111111111111111111111111111111111111
1111111111111111111111111111111111111111
1111111111111111111111101110000001111111
1111111111111111111111000110000001111111
1111111111111111111110000010000001111111
1111111111111111111110000011000001111111
1111111111111111111100000011000001111111
1111111111111111111100000011000001111111
1111111111111111111000000111000001111111
1111111111111111111000000111000001111111
1111111111111111110000001111000000111111
1111111111111111100000011111000000111111
1111111111111111100000011111000000111111
1111111111111111000000111111000000111111
1111111111111110000000111111000000111111
1111111111111110000001111111000000111111
1111111111111100000001111111000000111111
1111111111111000000011111111100000111111
1111111111111000000111111111100000111111
1111111111110000000111111111100000111111
1111111111100000001111111111100000111111
1111111111000000011111111111100000111111
1111111110000000111111111111100000000000
1111111100000001111000000000000000000001
1111111000000000000000000000000000000001
1111111000000000000000000000000000000001
1111111000000000000000000000000000000001
1111111100000000000000000000000000111111
1111111100000000000000001111000000111111
1111111111111111111111111111000000111111
1111111111111111111111111111100000111111
1111111111111111111111111111100000111111
1111111111111111111111111111100000111111
1111111111111111111111111111100000111111
1111111111111111111111111111100000111111
1111111111111111111111111111100000111111
1111111111111111111111111111111111111111
1111111111111111111111111111111111111111
1111111111111111111111111111111111111111
1111111111111111111111111111111111111111
4