1111111111111111111111111111111111111111
1111111111111111111111111111111111111111
1111111111111111111111111111111111111111
1111111111111111111111111111111111111111
1111111111111111111100111111111111111111
1111111111111111111000000101111111111111
1111111111111111111000000100000011111111
1111111111111111111000000100000111111111
1111111111111111110000001100000111111111
1111111111111111100000001100000111111111
1111111111111111100000011100000111111111
1111111111111111000000111100000111111111
1111111111111110000000111100000111111111
1111111111111110000001111100000111111111
1111111111111100000001111100000111111111
1111111111111000000011111100000111111111
1111111111110000000111111100000111111111
1111111111110000001111111100000111111111
1111111111100000011111111100000111111111
1111111111000000011111111000000111111111
1111111111000000111111111000000111111111
1111111110000001111111111000000111111111
1111111100000001111111111000000111110111
1111111100000011111111111000000100000011
1111111000000011111111100000000000000011
1111111000000111100000000000000000000011
1111110000000000000000000000000000000011
1111110000000000000000000000000000000011
1111100000000000000000000000000000011111
1111100000000000000000000000001111111111
1111110000000000000111111000001111111111
1111111100000011111111110000001111111111
1111111111111111111111110000001111111111
1111111111111111111111110000001111111111
1111111111111111111111110000011111111111
1111111111111111111111110000011111111111
1111111111111111111111110000011111111111
1111111111111111111111110000011111111111
1111111111111111111111111110011111111111
1111111111111111111111111111111111111111
4