1111111111111111111111111111111111111111
1111111111111111000000000011111111111111
1111111111111100000000000000111111111111
1111111111110000000000000000001111111111
1111111111100000000000000000000111111111
1111111111000000000000000000000011111111
1111111110000000011111111000000011111111
1111111100000000111111111000000011111111
1111111000000001111111110000001111111111
1111111000000111111111100000000111111111
1111111000001111111110000000000111111111
1111111000001111111000000000001111111111
1111111000001111110000000000001111111111
1111111000001111000000000000001111111111
1111111000000000000000000000001111111111
1111111000000000000000010000011111111111
1111111100000000000001100000011111111111
1111111110000000000111100000111111111111
1111111111000000001111000000111111111111
1111111111111111111111000001111111111111
1111111111111111111110000001111111111111
1111111111111111111110000011111111111111
1111111111111111111110000011111111111111
1111111111111111111100000011111111111111
1111111111111111111100000111111111111111
1111111111111111111000000111111111111111
1111111111111111111000000111111111111111
1111111111111111111000001111111111111111
1111111111111111110000001111111111111111
1111111111111111110000011111111111111111
1111111111111111110000011111111111111111
1111111111111111100000011111111111111111
1111111111111111111110111111111111111111
1111111111111111111111111111111111111111
1111111111111111111111111111111111111111
1111111111111111111111111111111111111111
1111111111111111111111111111111111111111
1111111111111111111111111111111111111111
1111111111111111111111111111111111111111
1111111111111111111111111111111111111111
9