1111111111111111111111111111111111111111
1111111111111111111111111111111111111111
1111111111111111100000111111111111111111
1111111111111110100000111111111111111111
1111111111111100000000111111111111111111
1111111111111000000000111111111111111111
1111111111110000000000111111111111111111
1111111111100000000000111111111111111111
1111111111000000000000111111111111111111
1111111111000000000001111111111111111111
1111111110000000000001111111111111111111
1111111100000001000001111111111111111111
1111111100000011000001111111111111111111
1111111000000111000001111111111111111111
1111110000000111000001111111111111111111
1111100000001111000001111111111111111111
1111100000011111000001111111111111111111
1111000000011111000001111111111111111111
1110000000111110000001111111111111111111
1110000001111110000001111111111111111111
1100000011111110000001111111111111111111
1100000011111110000001111111111111000111
1000000111111110000000000000000000000111
0000000000000000000000000000000000000111
0000000000000000000000000000000000000111
0000000000000000000000000000000000000111
0000000000000000000000000000000000000111
0000000000000000000000011111111111111111
0000000000000001000001111111111111111111
1111111111111111000001111111111111111111
1111111111111111000001111111111111111111
1111111111111111000001111111111111111111
1111111111111111000001111111111111111111
1111111111111111000001111111111111111111
1111111111111111000001111111111111111111
1111111111111111000001111111111111111111
1111111111111111000001111111111111111111
1111111111111111000001111111111111111111
1111111111111111000001111111111111111111
1111111111111111111111111111111111111111
4