1111111111111111111111111111111111111111
1111111111111111111111111111111111111111
1111111111111111111111111111111111111111
1111111111111111111111111111100011111111
1111111111111111111000000110000011111111
1111111111111111111000000110000011111111
1111111111111111111000001110000011111111
1111111111111111110000001110000011111111
1111111111111111110000001110000011111111
1111111111111111100000011110000001111111
1111111111111111100000011110000001111111
1111111111111111000000111110000001111111
1111111111111110000000111111000001111111
1111111111111110000001111111000001111111
1111111111111100000001111111000001111111
1111111111111000000011111111000001111111
1111111111111000000111111111000001111111
1111111111110000000111111111000001111111
1111111111100000001111111111000001111111
1111111111000000011111111111000001111111
1111111111000000011111111111000001111111
1111111110000000111111111111000001111111
1111111100000001111111111110000001111111
1111110000000011111111111110000001111111
1111100000000111111111111110000001111011
1111000000001111111111111110000000000011
1110000000011111111111000000000000000011
1100000000111110000000000000000000000011
0000000000000000000000000000000000000011
0000000000000000000000000000000000000001
0000000000000000000000000000000001111111
0000000000000000000000000110000001111111
0000000000000000011111111110000001111111
0000000000001111111111111110000001111111
1111111111111111111111111110000001111111
1111111111111111111111111110000001111111
1111111111111111111111111110000001111111
1111111111111111111111111110000011111111
1111111111111111111111111110000011111111
1111111111111111111111111111111111111111
4