1111111111111111111111111111111111111111
1111111111111111111111111111111111111111
1111111111111111111111111111111111111111
1111111111111111110001111111111111111111
1111111111111111110000001100000111111111
1111111111111111100000011100000111111111
1111111111111111100000011100000111111111
1111111111111111000000011100000011111111
1111111111111111000000111100000011111111
1111111111111110000001111100000011111111
1111111111111110000001111100000011111111
1111111111111100000011111110000011111111
1111111111111000000011111110000011111111
1111111111110000000111111110000011111111
1111111111100000001111111110000011111111
1111111111000000011111111110000011111111
1111111110000000011111111110000001111111
1111111100000000111111111110000001111111
1111111000000001111111111110000001111111
1111110000000011111111111111000001111111
1111100000000111111111111111000001111001
1111100000000000000000000000000000000000
1111000000000000000000000000000000000000
1111000000000000000000000000000000000000
1111100000000000000000000000000000000000
1111110000000000000000000000000000000000
1111111000000000000001111111000000111111
1111111111111111111111111111000000111111
1111111111111111111111111111100000111111
1111111111111111111111111111000000111111
1111111111111111111111111111100000111111
1111111111111111111111111111100000111111
1111111111111111111111111111100000111111
1111111111111111111111111111100000111111
1111111111111111111111111111100000111111
1111111111111111111111111111100000111111
1111111111111111111111111111100000111111
1111111111111111111111111111100000111111
1111111111111111111111111111110000111111
1111111111111111111111111111110000111111
4