1111111111111111111111111111111111111111
1111111111111111111111111111111111111111
1111111111111111111111111111111111111111
1110000011111111111111111111111111111111
1110000011111111111111111111111111111111
1110000011111111111111111111111111111111
1110000011111111111111111111111111111111
1110000000011111111111111111111111111111
1110000000000000000000000000000000011111
1110000000000000000000000000000000011111
1110000000000000000000000000000000011111
1110000000000000000000000000000000011111
1110000000000000000000000000000000011111
1110000011111111111111111111111111111111
1110000001111111111111111111111111111111
1110000001111111111111111111111111111111
1110000001111111111111111111111111111111
1110000001111111111111111111111111111111
1110000000000000000011111111111111111111
1110000000000000000000000011111111111111
1110000000000000000000000000011111111111
1111000000000000000000000000001111111111
1111100000000000000000000000000111111111
1111110001111111100000000000000011111111
1111111111111111111111100000000011111111
1111111111111111111111111100000011111111
1111111111111111111111111110000001111111
1111111111111111111111111110000001111111
1111111111111111111111111111000001111111
1111111111111111111111111111000001111111
1111111111111111111111111111000001111111
1111100000011111111111111111000001111111
1111100000000011111111111000000001111111
1111100000000000000000000000000001111111
1111100000000000000000000000000011111111
1111100000000000000000000000000111111111
1111111100000000000000000000001111111111
1111111111110000000000000001111111111111
1111111111111111111111111111111111111111
1111111111111111111111111111111111111111
5