1111111111111111111111111111111111111111
1111111111111111111111111111111111111111
1111101111111111111111111111111111111111
1111100000011111111111111111111111111111
1111100000111111111111111111111111111111
1111100000111111111111111111111111111111
1111000000100000000000000011111111111111
1110000000000000000000000011111111111111
1110000000000000000000000011111111111111
1110000000000000000000000011111111111111
1100000000000000000000000011111111111111
1000000000000000000000011111111111111111
1000000111111111111111111111111111111111
0000001111111111111111111111111111111111
0000001111111111111111111111111111111111
0000011111111111111111111111111111111111
0000000000111111111111111111111111111111
0000000000000000000011111111111111111111
0000000000000000000000011111111111111111
0000000000000000000000000111111111111111
0000000000000000000000000011111111111111
0000000000000000000000000000111111111111
1111111111111111100000000000111111111111
1111111111111111111110000000011111111111
1111111111111111111111100000011111111111
1111111111111111111111110000011111111111
1111111111111111111111110000011111111111
1111111111111111111111110000011111111111
1111111111111111111111110000011111111111
1111111111111111111111110000011111111111
1111111111111111111111100000011111111111
1111111111111111111110000000111111111111
1111111100111111111000000000111111111111
1111110000000111000000000001111111111111
1111100000000000000000000011111111111111
1111100000000000000000000111111111111111
1111110000000000000000011111111111111111
1111111100000000000001111111111111111111
1111111111100000001111111111111111111111
1111111111111111111111111111111111111111
5