1111111111111111111111111111111111111111
1111111111111111111111111111111111111111
1111111111111111111111111111111111111111
1111111111111111111111111111111111111111
1111111111111111111111111111111111111111
1111111100011111111111111111111111111111
1111111100000011111111111111111111111111
1111111100000011111111111111111111111111
1111111100000111111111100000000001111111
1111111000000000000000000000000001111111
1111111000000000000000000000000001111111
1111111000000000000000000000000001111111
1111111000000000000000000000000001111111
1111110000000000000000000001111111111111
1111110000001111111111111111111111111111
1111110000001111111111111111111111111111
1111110000011111111111111111111111111111
1111110000011111111111111111111111111111
1111110000011111111111111111111111111111
1111110000011111111111111111111111111111
1111100000010000000111111111111111111111
1111100000000000000000011111111111111111
1111100000000000000000000001111111111111
1111100000000000000000000000000111111111
1111000000000000000000000000000011111111
1111100000000001100000000000000001111111
1111111000011111111110000000000000111111
1111111101111111111111111000000000111111
1111111111111111111111111111000000111111
1111111111111111111111111111100000111111
1111111111111111111111111111100000111111
1111111111111111111111111111100000111111
1111111111111111111111111111100000111111
1111111111111111111111111111000000111111
1111111111111111111111111100000000111111
1111111110000011111000000000000000111111
1111111100000000000000000000000001111111
1111111000000000000000000000000011111111
1111110000000000000000000000001111111111
1111111100000000000000000000111111111111
5