1111111111111111111111111111111111111111
1111111111111111111111111111111111111111
1111111111111111111111111111111111111111
1111111111111111100000111111111111111111
1111111111111111000000111111111111111111
1111111111111111000000111111111111111111
1111111111111111000001111111100000000111
1111111111111110000001000000000000000111
1111111111111110000000000000000000000111
1111111111111110000000000000000000000111
1111111111111100000000000000000000000111
1111111111111100000000000000000000000111
1111111111111100000000000001111111111111
1111111111111000000111111111111111111111
1111111111111000000111111111111111111111
1111111111110000001111111111111111111111
1111111111110000001111111111111111111111
1111111111100000011000111111111111111111
1111111111100000000000000111111111111111
1111111111000000000000000011111111111111
1111111111000000000000000001111111111111
1111111111000000000000000001111111111111
1111111111110000000000000000111111111111
1111111111111101111111000000111111111111
1111111111111111111111100000111111111111
1111111111111111111111100000011111111111
1111111111111111111111100000011111111111
1111111111111111111111110000011111111111
1111111111111111111111110000001111111111
1111111111111111111111110000001111111111
1111111111111111111111110000001111111111
1111111111111111111111110000001111111111
1111111111111111111111100000011111111111
1111111110000000000100000000011111111111
1111111100000000000000000000111111111111
1111111100000000000000000000111111111111
1111111000000000000000000011111111111111
1111111000000000000000000111111111111111
1111111111100000000000111111111111111111
1111111111111111111111111111111111111111
5