1111111111111111111111111111111111111111
1111111111111111111111111111111111111111
1111111111111111111111111111111111111111
1111111111111111111111111111111111111111
1111111111111111111111111111111111111111
1111111111111000000111111111111111111111
1111111111111000000111111111111111111111
1111111111111000000111111111111111111111
1111111111111000000111111111111111111111
1111111111111000001111111111111111111111
1111111111111000001111100000000000111111
1111111111110000000000000000000000111111
1111111111110000000000000000000000111111
1111111111110000000000000000000000111111
1111111111110000000000000000000000111111
1111111111110000000000000001111111111111
1111111111110000010111111111111111111111
1111111111110000011111111111111111111111
1111111111110000011111111111111111111111
1111111111100000011111111111111111111111
1111111111100000000000000111111111111111
1111111111100000000000000001111111111111
1111111111100000000000000000111111111111
1111111111100000000000000000011111111111
1111111111110000000000000000001111111111
1111111111111100111111100000000111111111
1111111111111111111111111000000111111111
1111111111111111111111111100000111111111
1111111111111111111111111100000111111111
1111111111111111111111111100000111111111
1111111111111111111111111000000111111111
1111111111111111111111100000000111111111
1110000111111111111000000000001111111111
1100000000000000000000000000001111111111
0000000000000000000000000000011111111111
0000000000000000000000000001111111111111
1000000000000000000000000111111111111111
1111100000000000000001111111111111111111
1111111111111111111111111111111111111111
1111111111111111111111111111111111111111
5