1111111111110000000000111111111111111111
1111111110000000000000000111111111111111
1111111000000000000000000011111111111111
1111110000000000000000000000111111111111
1111100000000000000000000000011111111111
1111000000000111111110000000011111111111
1110000000111111111111100001111111111111
1110000001111111111111111111111111111111
1100000011111111111111111111111111111111
1100000111111111111111000111111111111111
1000000111111111111110000011111111111111
1000001111111111111100000001111111111111
1000001111111111111000000001111111111111
0000001111111111110000000011111111111111
0000011111111111100000000011111111111111
0000011111111111100000000011111111111111
0000011111111111000000000111111111111111
0000001111111100000000000111111111111111
1000000111111000000000001111111111111111
1000000001000000000000001111111111111111
1100000000000000000000011111111111111111
1110000000000000000000011111111111111111
1111000000000000100000011111111111111111
1111100000000011100000111111111111111111
1111111100011111100000111111111111111111
1111111111111111000000111111111111111111
1111111111111111000001111111111111111111
1111111111111110000001111111111111111111
1111111111111110000001111111111111111111
1111111111111100000011111111111111111111
1111111111111100000011111111111111111111
1111111111111000000111111111111111111111
1111111111111000000111111111111111111111
1111111111111000001111111111111111111111
1111111111110000001111111111111111111111
1111111111110000011111111111111111111111
1111111111110000011111111111111111111111
1111111111111110011111111111111111111111
1111111111111111111111111111111111111111
1111111111111111111111111111111111111111
9