1111111111111111111111111111111111111111
1111111111111111111111111111111111111111
1111111111111111111111111111111111111111
1111111111111111111111111111111111111111
1111111111111111110111111111111111111111
1111111111111111110000111111111111111111
1111111111111111100000011111111111111111
1111111111111111100000011111111111111111
1111111111111111100000011111111111111111
1111111111111111100000111111110001111111
1111111111111111000000100000000001111111
1111111111111111000000000000000001111111
1111111111111111000000000000000001111111
1111111111111111000000000000000001111111
1111111111111111000000000000000001111111
1111111111111110000000000111111111111111
1111111111111110000001111111111111111111
1111111111111110000001111111111111111111
1111111111111100000000001111111111111111
1111111111111100000000000011111111111111
1111111111111000000000000000111111111111
1111111111111000000000000000111111111111
1111111111111100000000000000011111111111
1111111111111111000011000000001111111111
1111111111111111111111110000001111111111
1111111111111111111111111000001111111111
1111111111111111111111111000000111111111
1111111111111111111111111000000111111111
1111111111111111111111111000000111111111
1111111111111111111111111000000111111111
1111110011111111111111111000001111111111
1111100100000000000010000000001111111111
1111000000000000000000000000001111111111
1111000000000000000000000000011111111111
1111100000000000000000000000111111111111
1111110000000000000000000001111111111111
1111111111000000000000001111111111111111
1111111111111111111111111111111111111111
1111111111111111111111111111111111111111
1111111111111111111111111111111111111111
5