1111111111111111111111111111111111111111
1111111111111111111111111111111111111111
1111111111111111111111111111111111111111
1111111111111111111111111111111111111111
1111111111111111111110000000011111111111
1111111111111110000000000000000011111111
1111111111111000000000000000000001111111
1111111111111000000000000000000000111111
1111111111110000000000000000000000111111
1111111111110000000000000110000000111111
1111111111100000011111111111000000111111
1111111111100000011111111110000001111111
1111111111100000011111111110000001111111
1111111111100000000111111100000011111111
1111111111110000000001111100000011111111
1111111111110000000000000100000111111111
1111111111111100000000000000000111111111
1111111111111110000000000000000111111111
1111111111111111100000000000000011111111
1111111111111111111000000000000011111111
1111111111111111111111100000000001111111
1111111111111111111111110000000001111111
1111111111111111111111100000000000111111
1111111111111111111111100000000000111111
1111111111111111111111000000100000011111
1111111111111111111111000000100000001111
1111111111111111111111000001110000001111
1111111111111111111110000001110000001111
1111111111111111111110000001111000000111
1111111111111111111110000011111000000111
1111111111111111111100000011110000000111
1111111111111111111100000011000000000111
1111111111111111111000000000000000001111
1111111111111111111000000000000000011111
1111111111111111111000000000000000111111
1111111111111111111111000000000001111111
1111111111111111111110000000001111111111
1111111111111111111111110001111111111111
1111111111111111111111111111111111111111
1111111111111111111111111111111111111111
8