1111111111111111111111111111111111111111
1111111111111111111111111111111111111111
1111111111111111111111100111111111111111
1111111111111111111000000000111111111111
1111111111111111100000000000011111111111
1111111111111110000000000000011111111111
1111111111111110000000000000011111111111
1111111111111100000000000000011111111111
1111111111111100000001100000011111111111
1111111111111000000111100000011111111111
1111111111111000000111100000111111111111
1111111111111000001111100000111111111111
1111111111111000001111100000111111111111
1111111111111000001111100000111111111111
1111111111111000001111100000111111111111
1111111111111000001111000000111111111111
1111111111111000000111000000111111111111
1111111111111100000001000000111111111111
1111111111111100000000000000111111111111
1111111111111110000000000000000001111111
1111111111111111000000000000000000011111
1111111111111111100000000000000000001111
1111111111111111111000000000000000000111
1111111111111111111110000000000000000001
1111111111111111111100000011111000000000
1111111111111111111100000011111110000000
1111111111111111111100000111111111000000
1111111111111111111000000111111111100000
1111111111111111111000000111111110000000
1111111111111111111000000111111000000000
1111111111111111111000001111100000000001
1111111111111111110000001110000000000011
1111111111111111110000000000000000000111
1111111111111111110000000000000000011111
1111111111111111110000000000000000111111
1111111111111111111000000000000011111111
1111111111111111111000000000011111111111
1111111111111111111111111111111111111111
1111111111111111111111111111111111111111
1111111111111111111111111111111111111111
8