1111111111111111111111111111111111111111
1111111111111111111111111111111111111111
1111111111111111111111111111111111111111
1111111111111111111111111111111111111111
1111111111111111111111111111111111111111
1111111111111111111111100000011111111111
1111111111111111111111100000011111111111
1111111111111111111111100000011111111111
1111111111111111111111100000011111111111
1111111111111111111111100000011111111111
1111111111111111111111100000111111111111
1111111111111111111111100000111111111111
1111111111111111111111100000111111111111
1111111111111111111111100000111111111111
1111111111111111111111100000111111111111
1111111111111111111111000000111111111111
1111111111111111111111000000111111111111
1111111111111111111111000000111111111111
1111111111111111111111000001111111111111
1111111111111111111111000000000000011111
1111111111111111111110000000000000000111
1111111111111111111110000000000000000111
1111111111111111111110000000000000000011
1111111111111111111110000000000000000001
1111111111111111111100000000001110000001
1111111111111111111100000000111111000001
1111111111111111111100000000111111000001
1111111111111111111000000001111111000000
1111111111111111111000000011111111000000
1111111111111111111000000011111111100000
1111111111111111111000000111111111100000
1111111111111111110000000111111111100000
1111111111111111110000000111111111100000
1111111111111111110000000111111111000000
1111111111111111110000000000000000000000
1111111111111111111100000000000000000001
1111111111111111111100000000000000000001
1111111111111111111110000000000000000011
1111111111111111111111100000000000000111
1111111111111111111111111111111111111111
6