1111111111111111111111111111111111111111
1111111111111111111111111111111111111111
1111111111111111111111111111111111111111
1111111111111111111111111111111111111111
1111111111111111111111011111111111111111
1111111111111111111100000000011111111111
1111111111111111111000000000011111111111
1111111111111111110000000000011111111111
1111111111111111000000000000011111111111
1111111111111110000000000000011111111111
1111111111111100000000000000111111111111
1111111111111000000001100000111111111111
1111111111110000000011100000111111111111
1111111111100000000111100000111111111111
1111111111000000001111100000111111111111
1111111110000000011111000000111111111111
1111111100000000111111000000111111111111
1111111000000001111111000000111111111111
1111110000000011111111000000000000011111
1111100000001111111000000000000000011111
1111100000000000000000000000000000011111
1111000000000000000000000000000000011111
1111000000000000000000000000000000011111
1111100000000000000000000000111100011111
1111100000000000000000000011111111111111
1111110000011111111100000011111111111111
1111111111111111111100000111111111111111
1111111111111111111000000111111111111111
1111111111111111111000000111111111111111
1111111111111111111000000111111111111111
1111111111111111111000001111111111111111
1111111111111111110000001111111111111111
1111111111111111110000001111111111111111
1111111111111111110000001111111111111111
1111111111111111110000011111111111111111
1111111111111111111100011111111111111111
1111111111111111111101111111111111111111
1111111111111111111111111111111111111111
1111111111111111111111111111111111111111
1111111111111111111111111111111111111111
4