1111111111111111111111111111111111111111
1111111111000001111111111111111111111111
1111111100000000000011111111111111111111
1111110000000000000000011111111111111111
1111100000000000000000001111111111111111
1111000000000000000000001111111111111111
1111000000011100000000001111111111111111
1111000001111111111000001111111111111111
1110000011111111110000000111111111111111
1110000011111111100000000111111111111111
1110000011111110000000000111111111111111
1110000011111100000000001111111111111111
1110000011110000000000001111111111111111
1110000000100000000000001111111111111111
1111000000000000000000011111111111111111
1111000000000000000000011111111111111111
1111100000000000110000011111111111111111
1111110000000011100000011111111111111111
1111111110001111100000111111111111111111
1111111111111111100000111111111111111111
1111111111111111000000111111111111111111
1111111111111111000001111111111111111111
1111111111111111000001111111111111111111
1111111111111110000001111111111111111111
1111111111111110000011111111111111111111
1111111111111110000011111111111111111111
1111111111111100000011111111111111111111
1111111111111100000111111111111111111111
1111111111111100000111111111111111111111
1111111111111000000111111111111111111111
1111111111111000001111111111111111111111
1111111111111000001111111111111111111111
1111111111111000001111111111111111111111
1111111111110000011111111111111111111111
1111111111110000011111111111111111111111
1111111111110000011111111111111111111111
1111111111110000011111111111111111111111
1111111111100000011111111111111111111111
1111111111100000111111111111111111111111
1111111111111111111111111111111111111111
9