1111111111111111111111111111111111111111
1111111111111111111111111111111111111111
1111111111111111111111111111111111111111
1111111111111111111000001001111111111111
1111111111111111110000001000001111111111
1111111111111111110000000000001111111111
1111111111111111110000010000001111111111
1111111111111111100000010000001111111111
1111111111111111100000010000011111111111
1111111111111111100000110000011111111111
1111111111111111000000110000011111111111
1111111111111110000000110000011111111111
1111111111111110000001100000011111111111
1111111111111110000001100000011111111111
1111111111111100000011100000111111111111
1111111111111100000011100000111111111111
1111111111111000000111100000111111111111
1111111111110000000111100000111111111111
1111111111100000001111100000111111111111
1111111111100000011111100000111111111111
1111111111000000011111100000111000011111
1111111110000000111111100000000000011111
1111111100000001111111100000000000011111
1111111100000011110000000000000000011111
1111111000000100000000000000000000011111
1111111000000000000000000000000001111111
1111111000000000000000000000001111111111
1111111000000000000000000001111111111111
1111111000000000000000000001111111111111
1111111100000000111111000001111111111111
1111111111111111111111000001111111111111
1111111111111111111110000001111111111111
1111111111111111111110000001111111111111
1111111111111111111110000011111111111111
1111111111111111111110000011111111111111
1111111111111111111110000011111111111111
1111111111111111111110000011111111111111
1111111111111111111111111111111111111111
1111111111111111111111111111111111111111
1111111111111111111111111111111111111111
4