1111111111111111111111111111111111111111
1111111111111111111111111111111111111111
1111111111111111111111111111111111111111
1111111111111101111111111111111111111111
1111111110000000000111111111111111111111
1111111000000000000001111111111111111111
1111110000000000000001111111111111111111
1111100000000000000000111111111111111111
1111100000000000000000011111111111111111
1111000000011111100000011111111111111111
1111111000111111110000011111111111111111
1111111111111111110000011111111111111111
1111111111111111110000011111111111111111
1111111111111111110000001111111111111111
1111111111111111110000001111111111111111
1111111111111111110000001111111111111111
1111111111111111110000001111111111111111
1111111111111111100000011111111111111111
1111111111111111000000011111111111111111
1111111111111110000000111111111111111111
1111111111111110000000111111111111111111
1111111111111000000001111111111111111111
1111111111111000000011111111111111111111
1111111111110000000111111111111111111111
1111111111000000001111111111111111111111
1111111110000000011111111111111111111111
1111111100000000111111111111111111111111
1111111000000001111111111111111111111111
1111110000000011111111111111111111111111
1111000000000111111111111111111111111111
1110000000000000000000000000001111111111
1110000000000000000000000000000000001111
1100000000000000000000000000000000001111
1110000000000000000000000000000000001111
1111000000000000000000000000000000001111
1111100000000000000111111111000000001111
1111111111111111111111111111111111111111
1111111111111111111111111111111111111111
1111111111111111111111111111111111111111
1111111111111111111111111111111111111111
2