1111111111111111111111111111111111111111
1111111111111111111111111111111111111111
1111111111111111111111111111111111111111
1111111111111111111111111111111111111111
1111111111111111111111111111111111111111
1111111111111111111111111111111111111111
1111111111111111111000000000000011111111
1111111111111111100000000000000000011111
1111111111111111000000000000000000011111
1111111111111111000000000000000000011111
1111111111111110000000000000000000011111
1111111111111100000011111111111000001111
1111111111111000000011111111111000000111
1111111111111000000111111111110000000111
1111111111111000001111111111000000000111
1111111111110000001111111110000000000111
1111111111110000011111111000000000000111
1111111111110000011111110000000000000111
1111111111110000011111000000000000001111
1111111111100000000000000000000000001111
1111111111110000000000000000010000001111
1111111111110000000000000001110000011111
1111111111110000000000000111100000011111
1111111111111000000000011111100000111111
1111111111111111000001111111000000111111
1111111111111111111111111111000001111111
1111111111111111111111111110000001111111
1111111111111111111111111110000011111111
1111111111111111111111111100000011111111
1111111111111111111111111100000111111111
1111111111111111111111111000000111111111
1111111111111111111111111000001111111111
1111111111111111111111110000001111111111
1111111111111111111111110000011111111111
1111111111111111111111110000011111111111
1111111111111111111111100000111111111111
1111111111111111111111000000111111111111
1111111111111111111111100000111111111111
1111111111111111111111110001111111111111
1111111111111111111111111111111111111111
9