1111111111111111111111111111111111111111
1111111111111111111111111111111111111111
1111111111111111111111111111111111111111
1111111111111111111111111111111111111111
1111111111111111111111111111111111111111
1111111111111110000000000011111111111111
1111111111111000000000000011111111111111
1111111111100000000000000011111111111111
1111111111000000000000000011111111111111
1111111110000000000000000111111111111111
1111111100000000111111110011111111111111
1111111000000011111111110000111111111111
1111110000000111111111100000011111111111
1111110000001111111111000000011111111111
1111100000011111111110000000011111111111
1111100000011111111100000000011111111111
1111100000111111111000000000111111111111
1111000000111111110000000000111111111111
1111000001111111100000000000111111111111
1111000001111111000000000000111111111111
1111000000111110000000000001111111111111
1111100000011100000000000001111111111111
1111100000000000000001000001111111111111
1111110000000000000011000001111111111111
1111111000000000000111000001111111111111
1111111100000000001110000011111111111111
1111111110000000111110000011111111111111
1111111111111111111110000011111111111111
1111111111111111111100000011111111111111
1111111111111111111100000111111111111111
1111111111111111111100000111111111111111
1111111111111111111000000111111111111111
1111111111111111111000001111111111111111
1111111111111111110000001111111111111111
1111111111111111110000011111111111111111
1111111111111111110000011111111111111111
1111111111111111110000011111111111111111
1111111111111111100000011111111111111111
1111111111111111100000111111111111111111
1111111111111111100000111111111111111111
9