1111111111111111111111111111111111111111
1111111111111111111111111101111111111111
1111111111111111111111110000111111111111
1111111111111111111110000000011111111111
1111111111111111111000000000011111111111
1111111111111111000000000000011111111111
1111111111111110000000000000011111111111
1111111111111100000000000000011111111111
1111111111111000000000000000011111111111
1111111111110000000011000000011111111111
1111111111110000001111000000011111111111
1111111111100000011111000000011111111111
1111111111100000111110000000011111111111
1111111111100000111110000000011111111111
1111111111100000111110000000011111111111
1111111111100000111100000000011111111111
1111111111100000111100000000011111111111
1111111111100000111000000000011111111111
1111111111100000010000000000111111111111
1111111111110000000000000000111111111111
1111111111110000000000000000111111111111
1111111111111000000000000000111111111111
1111111111111000000000100000111111111111
1111111111111110000111100000111111111111
1111111111111111111111100000111111111111
1111111111111111111111100000111111111111
1111111111111111111111100000111111111111
1111111111111111111111100000111111111111
1111111111111111111111100000111111111111
1111111111111111111111100000111111111111
1111111111111111111111100000111111111111
1111111111111111111111100000111111111111
1111111111111111111111100000111111111111
1111111111111111111111100000111111111111
1111111111111111111111100000111111111111
1111111111111111111111100000111111111111
1111111111111111111111100000111111111111
1111111111111111111111100000111111111111
1111111111111111111111100000111111111111
1111111111111111111111111111111111111111
9