1111111111111111111111111111111111111111
1111111111111111111111111111111111111111
1111111111111111111111111111111111111111
1111111111111111111111111111111111111111
1111111111111110000000011111111111111111
1111111111110000000000010001111111111111
1111111111100000000000010000011111111111
1111111111000000000000010000001111111111
1111111110000000000000010000001111111111
1111111110000000111111110000000111111111
1111111100000011111111111100000111111111
1111111100000111111111111100000111111111
1111111100000111111111111100000111111111
1111111100000111111111111100000111111111
1111111000000111111111111100000111111111
1111111000000111111111111100000111111111
1111111000000111111111111000001111111111
1111111000000111111111111000001111111111
1111111100000111111111111000001111111111
1111111100000111111111110000001111111111
1111111100000111111111000000011111111111
1111111100000011111100000000011111111111
1111111100000000000000000000111111111111
1111111100000000000000000001111111111111
1111111110000000000000000011111111111111
1111111111000000000000011111111111111111
1111111111111000000001111111111111111111
1111111111111111111111111111111111111111
1111111111111111111111111111111111111111
1111111111111111111111111111111111111111
1111111111111111111111111111111111111111
1111111111111111111111111111111111111111
1111111111111111111111111111111111111111
1111111111111111111111111111111111111111
1111111111111111111111111111111111111111
1111111111111111111111111111111111111111
1111111111111111111111111111111111111111
1111111111111111111111111111111111111111
1111111111111111111111111111111111111111
1111111111111111111111111111111111111111
0