1111111111001111111110000011111111111111
1111110000000000001100000011111111111111
1111100000000000001100000011111111111111
1111000000000000001000000011111111111111
1110000000000000001000000011111111111111
1110000000111000000000000011111111111111
1100000011111111110000000011111111111111
1100000011111111100000000111111111111111
1100000111111111100000000111111111111111
1000000111111111000000000111111111111111
1000001111111110000000000111111111111111
1000001111111100000000001111111111111111
1000001111111000000000001111111111111111
0000011111110000000000001111111111111111
0000011111110000000000001111111111111111
0000011111100000010000001111111111111111
0000011111000000010000011111111111111111
0000011111000000110000011111111111111111
0000011110000001110000011111111111111111
0000000000000011110000011111111111111111
1000000000000011100000011111111111111111
1000000000000111100000111111111111111111
1100000000001111100000111111111111111111
1110000000011111100000111111111111111111
1111111111111111100000111111111111111111
1111111111111111000000111111111111111111
1111111111111111000001111111111111111111
1111111111111111000001111111111111111111
1111111111111111000001111111111111111111
1111111111111110000001111111111111111111
1111111111111110000011111111111111111111
1111111111111110000011111111111111111111
1111111111111110000011111111111111111111
1111111111111110000011111111111111111111
1111111111111110000011111111111111111111
1111111111111100000011111111111111111111
1111111111111100000111111111111111111111
1111111111111100000111111111111111111111
1111111111111111111111111111111111111111
1111111111111111111111111111111111111111
9