1111111111111111111111111111111111111111
1111111111111111111111111111111111111111
1111111111111111111111111111111111111111
1111111111111111111111111111111111111111
1111111111111111111111111111111111111111
1111111111111000000000011111111111111111
1111111111100000000000000000111111111111
1111111100000000000000000000011111111111
1111111000000000000000000000111111111111
1111110000000000000000000000111111111111
1111110000000011111111100000001111111111
1111100000001111111111110000001111111111
1111100000111111111111100000011111111111
1111000000111111111111100000011111111111
1111000001111111111111000000011111111111
1110000001111111111111000000111111111111
1110000011111111111110000000111111111111
1110000011111111111100000000111111111111
1110000011111111111000000001111111111111
1100000011111111110000000001111111111111
1100000111111111100000000011111111111111
1100000111111111000000000011111111111111
1100000111111100000000000011111111111111
1110000001000000000000000011111111111111
1110000000000000000000000111111111111111
1110000000000000000000000111111111111111
1111000000000000001100000111111111111111
1111100000000000111000000111111111111111
1111111111111111111000001111111111111111
1111111111111111110000001111111111111111
1111111111111111110000011111111111111111
1111111111111111110000011111111111111111
1111111111111111110000011111111111111111
1111111111111111110000011111111111111111
1111111111111111100000011111111111111111
1111111111111111100000111111111111111111
1111111111111111100000111111111111111111
1111111111111111100000111111111111111111
1111111111111111100000111111111111111111
1111111111111111100000111111111111111111
9