1111111111111111111111111111111111111111
1111111111111111111111111111111111111111
1111111111111110000000111111111111111111
1111111111111000000000000111111111111111
1111111111110000000000000011111111111111
1111111111000000000000000001111111111111
1111111110000000000000000001111111111111
1111111100000000111110000011111111111111
1111111000000001111110000011111111111111
1111111000000111111110000011111111111111
1111110000001111111100000011111111111111
1111110000011111111100000011111111111111
1111100000011111111100000011111111111111
1111100000111111111100000111111111111111
1111100000111111111000000111111111111111
1111100000111111111000000111111111111111
1111100000111111111000000111111111111111
1111100000111111110000001111111111111111
1111100001111111110000001111111111111111
1111000001111111110000001111111111111111
1111000001111111100000001111111111111111
1111000001111111000000011111111111111111
1111000000011110000000011111111111111111
1111100000000000000000011111111111111111
1111100000000000000000011111111111111111
1111110000000000000000011111111111111111
1111111000000000000000011111111111111111
1111111111000000110000011111111111111111
1111111111111111110000011111111111111111
1111111111111111110000011111111111111111
1111111111111111110000011111111111111111
1111111111111111110000011111111111111111
1111111111111111110000011111111111111111
1111111111111111110000011111111111111111
1111111111111111110000011111111111111111
1111111111111111110000011111111111111111
1111111111111111110000011111111111111111
1111111111111111110000011111111111111111
1111111111111111110000011111111111111111
1111111111111111110000011111111111111111
9