1111111111111111111111111111111111111111
1111111111111111111111111111111111111111
1111111111111111111111111111111111111111
1111111111111110000011111111111111111111
1111111111111000000000001111111111111111
1111111111100000000000001111111111111111
1111111111000000000000011111111111111111
1111111110000000000000011111111111111111
1111111100000000111000000111111111111111
1111111000000001111100000111111111111111
1111110000000111111100000111111111111111
1111100000001111111100000111111111111111
1111100000011111111000000111111111111111
1111000000111111111000000111111111111111
1111000001111111111000000111111111111111
1111000001111111111000000111111111111111
1111000001111111110000001111111111111111
1111000001111111100000001111111111111111
1111000001111111100000001111111111111111
1110000011111111000000001111111111111111
1110000011111110000000001111111111111111
1110000011111100000000011111111111111111
1110000001110000000000011111111111111111
1111000000000000000000011111111111111111
1111000000000000000000011111111111111111
1111000000000000000000011111111111111111
1111100000000000100000111111111111111111
1111111000000011100000111111111111111111
1111111111111111100000111111111111111111
1111111111111111100000111111111111111111
1111111111111111100000111111111111111111
1111111111111111100000111111111111111111
1111111111111111100000111111111111111111
1111111111111111100000111111111111111111
1111111111111111100000111111111111111111
1111111111111111100000111111111111111111
1111111111111111100000111111111111111111
1111111111111111100001111111111111111111
1111111111111111000001111111111111111111
1111111111111111111001111111111111111111
9