1111111111111000000000011111111111111111
1111111111100000000000000111111111111111
1111111110000000000000000011111111111111
1111111000000000000000000001111111111111
1111110000000000001100000000111111111111
1111110000000011111110000001111111111111
1111110000000111111110000011111111111111
1111110000011111111110000011111111111111
1111110000011111111100000011111111111111
1111100000111111111100000011111111111111
1111100000111111111100000011111111111111
1111100000011111111100000011111111111111
1111110000001111111000000011111111111111
1111110000000111100000000011111111111111
1111111000000001000000000011111111111111
1111111100000000000000000111111111111111
1111111110000000000000000111111111111111
1111111111000000000000000111111111111111
1111111111100000000000000111111111111111
1111111111111000001100000111111111111111
1111111111111111111100000111111111111111
1111111111111111111000001111111111111111
1111111111111111111000001111111111111111
1111111111111111111000001111111111111111
1111111111111111111000001111111111111111
1111111111111111111000001111111111111111
1111111111111111110000001111111111111111
1111111111111111110000011111111111111111
1111111111111111110000011111111111111111
1111111111111111110000011111111111111111
1111111111111111100000011111111111111111
1111111111111111100000111111111111111111
1111111111111111100000111111111111111111
1111111111111111100000111111111111111111
1111111111111111000000111111111111111111
1111111111111111000001111111111111111111
1111111111111111000001111111111111111111
1111111111111111111001111111111111111111
1111111111111111111111111111111111111111
1111111111111111111111111111111111111111
9