1111111111111111111111111111111111111111
1111111111111111111111111111111111111111
1111111111111111111111111111111111111111
1111111111111111111111111111111111111111
1111111111111111100011111111111111111111
1111111111111110000011111111111111111111
1111111111111000000011111111111111111111
1111111111100000000011111111111111111111
1111111111000000000000111111111111111111
1111111110000000000000111111111111111111
1111111100000000000000111111111111111111
1111111000000001100000111111111111111111
1111100000000111100000111111111111111111
1111100000001111100000111111111111111111
1111000000011111100000111111111111111111
1111000000111111100000111111111111111111
1110000001111111100000111111111111111111
1110000001111111110000011111111111111111
1100000011111111110000011100011111111111
1000000111111111100000000000011111111111
1000000010000000000000000000001111111111
1000000000000000000000000000001111111111
1000000000000000000000000000001111111111
1000000000000000000000000001111111111111
1100000000000000000000011111111111111111
1111100000111111110000011111111111111111
1111111111111111110000011111111111111111
1111111111111111110000011111111111111111
1111111111111111110000011111111111111111
1111111111111111110000011111111111111111
1111111111111111110000011111111111111111
1111111111111111110000011111111111111111
1111111111111111111111111111111111111111
1111111111111111111111111111111111111111
1111111111111111111111111111111111111111
1111111111111111111111111111111111111111
1111111111111111111111111111111111111111
1111111111111111111111111111111111111111
1111111111111111111111111111111111111111
1111111111111111111111111111111111111111
4