1111111111111111111111111111111111111111
1111111111111111111111111111111111111111
1111111111111111111111111011111111111111
1111111111111111111111100011111111111111
1111111111111111111110000001111111111111
1111111111111111111100000001111111111111
1111111111111111110000000000111111111111
1111111111111111100000000011111111111111
1111111111111111000000001111111111111111
1111111111111110000000011111111111111111
1111111111111100000001110001111111111111
1111111111110000000011110000011111111111
1111111111100000000111110000011111111111
1111111111000000001111110000011111111111
1111111100000000011111110000011111111111
1111111000000000111111110000011111111111
1111110000000011111111110000011111111111
1111100000000111111111110000011111111111
1111000000001111111111110000011111111111
1110000000111111111111110000011111111111
1100000001111111111111110000011111111111
1000000011111111111111110000011111111111
1000000111111111111111110000011111111111
0000001111111111111111110000011111111111
0000011111111111111111110000011111111111
0000011111111111111111110000011011111111
0000011111111111111111110000000000001111
0000000000000000000000000000000000001111
0000000000000000000000000000000000001111
0000000000000000000000000000000000001111
0000000000000000000000000000000100001111
1000000000000000000000000000011111111111
1111111111111111111111110000011111111111
1111111111111111111111110000011111111111
1111111111111111111111110000011111111111
1111111111111111111111110000011111111111
1111111111111111111111110000011111111111
1111111111111111111111110000011111111111
1111111111111111111111110000011111111111
1111111111111111111111110000011111111111
4