1111111111111111111111111111111111111111
1111111111111111111111111100111111111111
1111111111111111111111100000111111111111
1111111111111111111110000000011111111111
1111111111111111111000000000011111111111
1111111111111111100000000000011111111111
1111111111111110000000000000111111111111
1111111111111100000000000000111111111111
1111111111110000000000000000111111111111
1111111111100000000011100000111111111111
1111111111000000001111100000111111111111
1111111110000000011111100000111111111111
1111111100000000111111100000111111111111
1111111000000011111111100000111111111111
1111110000000111111111100000111111111111
1111100000001111111111100000111111111111
1110000000011111111111100000111111111111
1100000000111111111111100000111111111111
0000000001111111111111000000000000001111
0000000011111111110000000000000000001111
0000000111100000000000000000000000001111
0000000000000000000000000000000000001111
0000000000000000000000000000000000011111
0000000000000000000000000000111111111111
0000000000000000001111000001111111111111
0000000000001111111111000001111111111111
1111111111111111111111000001111111111111
1111111111111111111111000001111111111111
1111111111111111111111000001111111111111
1111111111111111111111000001111111111111
1111111111111111111111000001111111111111
1111111111111111111111000001111111111111
1111111111111111111111000001111111111111
1111111111111111111111000001111111111111
1111111111111111111111000001111111111111
1111111111111111111111100001111111111111
1111111111111111111111110011111111111111
1111111111111111111111111111111111111111
1111111111111111111111111111111111111111
1111111111111111111111111111111111111111
4