1111111111111111111111111111111111111111
1111111111111111111111111111111111111111
1111111111111111111111111111111111111111
1111111111111111111111111111111111111111
1111111111111111111110001111111111111111
1111111111111111111110000011111111111111
1111111111111111111110000011111111111111
1111111111111111111100000011111111111111
1111111111111111111100000111111111111111
1111111111111111111000000000111111111111
1111111111111111110000000000111111111111
1111111111111111110000000000111111111111
1111111111111111100000000000111111111111
1111111111111111100000000000111111111111
1111111111111111000000000001111111111111
1111111111111110000001000001111111111111
1111111111111110000001000001111111111111
1111111111111100000011000001111111111111
1111111111111000000011000001111111111111
1111111111110000000111000001111111111111
1111111111100000001111000001111111111111
1111111111100000011111000001111111111111
1111111111000000011111000001100011111111
1111111110000000111111000000000011111111
1111111100000001111111000000000001111111
1111111000000011111110000000000001111111
1111111000000111111000000000000001111111
1111110000000110000000000000011111111111
1111100000000000000000000001111111111111
1111100000000000000000000001111111111111
1111100000000000000000000001111111111111
1111100000000000000010000011111111111111
1111100000000001111110000011111111111111
1111111011111111111110000011111111111111
1111111111111111111110000011111111111111
1111111111111111111110000011111111111111
1111111111111111111110000011111111111111
1111111111111111111111111111111111111111
1111111111111111111111111111111111111111
1111111111111111111111111111111111111111
4