1111111111111111111111111111111111111111
1111111111111111111111111111111111111111
1111111111111111111111111111111111111111
1111111111111111111111111111111111111111
1111111111111111100001111111111111111111
1111111111111110000001111111111111111111
1111111111111100000000011111111111111111
1111111111110000000000000011111111111111
1111111111110000000000000011111111111111
1111111111100000000110000011111111111111
1111111111000000011110000011111111111111
1111111110000000111110000011111111111111
1111111100000001111110000011111111111111
1111111000000011111110000011111111111111
1111100000000111111110000011111111111111
1111000000001111111110000111111111111111
1110000000011111111100000111111111111111
1100000000111111111100000000001111111111
1000000011111111111100000000001111111111
0000000111111111110000000000001111111111
0000000000000000000000000000001111111111
0000000000000000000000000000001111111111
0000000000000000000000000011111111111111
0000000000000000000000000111111111111111
1000000000000000000000000111111111111111
1111111111111111111100000111111111111111
1111111111111111111100000111111111111111
1111111111111111111100000111111111111111
1111111111111111111100000111111111111111
1111111111111111111100000111111111111111
1111111111111111111100000111111111111111
1111111111111111111100000111111111111111
1111111111111111111100000111111111111111
1111111111111111111100000111111111111111
1111111111111111111100000111111111111111
1111111111111111111100000111111111111111
1111111111111111111100000111111111111111
1111111111111111111111100111111111111111
1111111111111111111111111111111111111111
1111111111111111111111111111111111111111
4