1111111111111111111111111111111111111111
1111111111111111111111111111111111111111
1111111111111111111111111111111111111111
1111111111111111111111111111111111111111
1111111111111111000000111111111111111111
1111111111111111000000011111111111111111
1111111111111110000000011111111111111111
1111111111111110000000011111111111111111
1111111111111110000000011111111111111111
1111111111111100000000011111111111111111
1111111111111000000000011111111111111111
1111111111111000000000011111111111111111
1111111111110000000000011111111111111111
1111111111100000000000011111111111111111
1111111111000000010000011111111111111111
1111111110000000110000011111111111111111
1111111100000001110000011111111111111111
1111111100000001110000011111111111111111
1111111000000111110000011111111111111111
1111110000000111110000011111111111111111
1111100000001111110000011111111111111111
1111100000011111110000011111111111111111
1111000000111111110000011111110000011111
1110000000111111110000011000000000011111
1100000001111111110000000000000000011111
1000000011111111000000000000000000001111
0000000000000000000000000000000000011111
0000000000000000000000000000000111111111
0000000000000000000000000011111111111111
0000000000000000000000011111111111111111
1000000000000000010000001111111111111111
1100000000011111111000001111111111111111
1111111111111111111000001111111111111111
1111111111111111111000001111111111111111
1111111111111111111000001111111111111111
1111111111111111111000001111111111111111
1111111111111111111000001111111111111111
1111111111111111111111111111111111111111
1111111111111111111111111111111111111111
1111111111111111111111111111111111111111
4