1111111111111111111111111111111111111111
1111111111111111111111111111111111111111
1111111111111111111111111111111111111111
1111111111111111111110011111111111111111
1111111111111111111000001111111111111111
1111111111111111100000000111111111111111
1111111111111110000000000000111111111111
1111111111111100000000000000111111111111
1111111111110000000000100000111111111111
1111111111100000000001100000111111111111
1111111110000000000111100000111111111111
1111111100000000011111100000111111111111
1111111000000000111111110000011111111111
1111100000000011111111110000011111111111
1111000000001111111111110000011111111111
1110000000011111111111110000011111111111
1000000000111111111111110000011111111111
0000000001111111111111110000000000011111
0000000111111111111110000000000000011111
0000001111100000000000000000000000011111
0000011000000000000000000000000000011111
0000000000000000000000000000000000011111
0000000000000000000000000000011111111111
0000000000000000000001000000111111111111
0000000000001111111111100000111111111111
0000000011111111111111100000111111111111
1111111111111111111111100000111111111111
1111111111111111111111100000111111111111
1111111111111111111111100000111111111111
1111111111111111111111000000111111111111
1111111111111111111111000001111111111111
1111111111111111111111000001111111111111
1111111111111111111111111001111111111111
1111111111111111111111111111111111111111
1111111111111111111111111111111111111111
1111111111111111111111111111111111111111
1111111111111111111111111111111111111111
1111111111111111111111111111111111111111
1111111111111111111111111111111111111111
1111111111111111111111111111111111111111
4