1111111111111111111111111111111111111111
1111111111111111111111111111111111111111
1111111111111111111110111111111111111111
1111111111111111111100000000111111111111
1111111111111111111000000000111111111111
1111111111111111110000000000111111111111
1111111111111111100000000000111111111111
1111111111111111000000000000111111111111
1111111111111110000000110000011111111111
1111111111111100000001110000011111111111
1111111111111100000011110000011111111111
1111111111111000000111110000011111111111
1111111111110000000111110000011111111111
1111111111100000001111100000111111111111
1111111111100000011111100000111111111111
1111111111000000111111100000111111111111
1111111110000000111111100000111111111111
1111111000000001111111100000111111111111
1111110000000011111111100000111111111111
1111100000000111111111100000111111111111
1111000000001111111111100000111111111111
1100000000011111111111000001111111111111
1100000001111111111111000000000110001111
1000000011111110000000000000000000001111
0000000000000000000000000000000000000111
0000000000000000000000000000000000000111
0000000000000000000000000000000000000111
1000000000000000000000000001110000000111
1100000000000001111111000011111111111111
1111111111111111111110000011111111111111
1111111111111111111110000011111111111111
1111111111111111111110000011111111111111
1111111111111111111110000011111111111111
1111111111111111111110000011111111111111
1111111111111111111110000011111111111111
1111111111111111111110000011111111111111
1111111111111111111110000011111111111111
1111111111111111111110000011111111111111
1111111111111111111110000011111111111111
1111111111111111111110000011111111111111
4