1111111111111111111111110000111111111111
1111111111111111111111000000111111111111
1111111111111111111110000000111111111111
1111111111111111111000000000011111111111
1111111111111111110000000000111111111111
1111111111111111100000000000111111111111
1111111111111111000000000000111111111111
1111111111111110000000000000111111111111
1111111111111100000000100000111111111111
1111111111111000000001100000111111111111
1111111111111000000111100000111111111111
1111111111110000000111100000111111111111
1111111111100000001111100000111111111111
1111111111000000011111100000111111111111
1111111110000000111111100000111111111111
1111111110000001111111100000111111111111
1111111100000011111111100000111111111111
1111111000000011111111100000111111111111
1111111000000111111111100000111111111111
1111110000001111111111100000110000001111
1111100000001111111111000000000000001111
1111100000011111000000000000000000000111
1111000000110000000000000000000000000111
1110000000000000000000000000000000001111
1110000000000000000000000000000111111111
1100000000000000000000000000111111111111
1110000000000000011111100000111111111111
1111000000000111111111100000111111111111
1111111111111111111111100000111111111111
1111111111111111111111100000111111111111
1111111111111111111111100000111111111111
1111111111111111111111100000111111111111
1111111111111111111111100000111111111111
1111111111111111111111100000111111111111
1111111111111111111111100000111111111111
1111111111111111111111100000111111111111
1111111111111111111111111111111111111111
1111111111111111111111111111111111111111
1111111111111111111111111111111111111111
1111111111111111111111111111111111111111
4