1111111111111111111111111111111111111111
1111111111111111111111111111111111111111
1111111111111111111111111111111111111111
1111111111111111111110011111111111111111
1111111111111111111000001111111111111111
1111111111111111111000001111111111111111
1111111111111111110000000111111111111111
1111111111111111100000001111111111111111
1111111111111111000000011111111111111111
1111111111111100000000011111111111111111
1111111111111000000000011111111111111111
1111111111100000000000011111111111111111
1111111111000000000000011111111111111111
1111111100000000010000011111111111111111
1111111000000000110000011111111111111111
1111100000000011110000011111111111111111
1111000000000111110000011111111111111111
1110000000011111110000011111111111111111
1100000000111111110000011111111111111111
1000000001111111110000011111111011111111
0000000011111111110000011111100011111111
0000000111111111110000011100000011111111
0000001111111111110000000000000011111111
0000000000000000000000000000000001111111
0000000000000000000000000000000011111111
0000000000000000000000000000001111111111
0000000000000000000000000001111111111111
1100000000000000000000001111111111111111
1111111111111111110000011111111111111111
1111111111111111110000011111111111111111
1111111111111111110000011111111111111111
1111111111111111110000011111111111111111
1111111111111111110000011111111111111111
1111111111111111110000001111111111111111
1111111111111111111000001111111111111111
1111111111111111111111111111111111111111
1111111111111111111111111111111111111111
1111111111111111111111111111111111111111
1111111111111111111111111111111111111111
1111111111111111111111111111111111111111
4