1111111111111111111111111111011111111111
1111111111111111111111111110011111111111
1111111111111111111111111000001111111111
1111111111111111111111110000001111111111
1111111111111111111111100000001111111111
1111111111111111111111000000000111111111
1111111111111111111100000000000111111111
1111111111111111111000000000000111111111
1111111111111111110000000000000111111111
1111111111111111110000000100000111111111
1111111111111111100000001100000111111111
1111111111111111000000011100000111111111
1111111111111110000000111100000111111111
1111111111111100000001111100000111111111
1111111111111000000011111100000111111111
1111111111110000000111111100000111111111
1111111111100000001111111100000111111111
1111111111000000011111111100000111111111
1111111110000000111111111100000111111111
1111111100000001111111111100000111111111
1111111000000011111111111100000111111111
1111110000000111111111111100000111000001
1111000000001111111111111100000000000001
1110000000011111111111111100000000000000
1100000000111111111111110000000000000000
1000000001111111100000000000000000000000
0000000000000000000000000000000000011111
0000000000000000000000000000000001111111
0000000000000000000000000000000011111111
0000000000000000000000000110000011111111
1000000000000000001111111110000011111111
1000000000011111111111111110000011111111
1111111111111111111111111110000011111111
1111111111111111111111111110000011111111
1111111111111111111111111111000001111111
1111111111111111111111111111000001111111
1111111111111111111111111111000001111111
1111111111111111111111111111000001111111
1111111111111111111111111111111111111111
1111111111111111111111111111111111111111
4