1111111111111111111111111111111111111111
1111111111111111111111111111111111111111
1111111111111111100011111111111111111111
1111111111111111000001111111111111111111
1111111111111110000000111111111111111111
1111111111111100000000001111111111111111
1111111111111100000000001111111111111111
1111111111111000000000001111111111111111
1111111111110000000000001111111111111111
1111111111110000001000001111111111111111
1111111111100000011000001111111111111111
1111111111100000011000001111111111111111
1111111111000000110000011111111111111111
1111111110000001110000011111111111111111
1111111110000001110000011111111111111111
1111111100000011110000011111111111111111
1111111000000111110000011111111111111111
1111111000000111110000011111111111111111
1111110000001111110000011111111111111111
1111100000001111110000011111111111111111
1111000000011111110000011111111111111011
1110000000111111110000011111111100000000
1100000001111111110000011111000000000000
1000000011111111110000010000000000000000
1000000011111111100000000000000000000000
0000000111111110000000000000000000000100
0000001100000000000000000000000001111111
0000000000000000000000000000011111111111
0000000000000000000000000111111111111111
0000000000000000000000111111111111111111
0000000000000001100000111111111111111111
0000000001111111100000111111111111111111
1111111111111111100000111111111111111111
1111111111111111100000111111111111111111
1111111111111111100000111111111111111111
1111111111111111100000111111111111111111
1111111111111111100000111111111111111111
1111111111111111111111111111111111111111
1111111111111111111111111111111111111111
1111111111111111111111111111111111111111
4