1111111111111111111111111111111111111111
1111111111111111111100001111111111111111
1111111111111111111000001111111111111111
1111111111111111110000001111111111111111
1111111111111111100000000111111111111111
1111111111111111000000000111111111111111
1111111111111110000000000111111111111111
1111111111111100000000000111111111111111
1111111111111000000000000111111111111111
1111111111110000000000000111111111111111
1111111111100000000100000111111111111111
1111111111000000001000001111111111111111
1111111100000000111000001111111111111111
1111111000000001111000001111111111111111
1111100000000011111000001111111111111111
1111000000000111111000001111111111111111
1110000000001111111000001111111111111111
1100000000111111111000001111111111111011
1000000001111111110000011111110000000001
0000000111111111110000000000000000000001
0000001111111111000000000000000000000001
0000011111000000000000000000000000000001
0000000000000000000000000000000000000011
0000000000000000000000000000000111111111
0000000000000000000000011111111111111111
0000000000000000000000111111111111111111
0000000000011111100000111111111111111111
0000001111111111100000111111111111111111
1111111111111111000001111111111111111111
1111111111111111000001111111111111111111
1111111111111111000001111111111111111111
1111111111111111000001111111111111111111
1111111111111111000001111111111111111111
1111111111111111000001111111111111111111
1111111111111111000001111111111111111111
1111111111111111000001111111111111111111
1111111111111111000001111111111111111111
1111111111111111000001111111111111111111
1111111111111111000011111111111111111111
1111111111111111111111111111111111111111
4