1111111111111111111111111111111111111111
1111111111111111111111111111111111111111
1111111111111111111111111111111111111111
1111111111111111111111111101111111111111
1111111111111111111111110000111111111111
1111111111111111111111100000011111111111
1111111111111111111111000000001111111111
1111111111111111111111000000001111111111
1111111111111111111110000000000011111111
1111111111111111111100000000000011111111
1111111111111111111000000010000011111111
1111111111111111111000000110000011111111
1111111111111111110000001110000011111111
1111111111111111100000001110000011111111
1111111111111111000000011110000011111111
1111111111111110000000111110000011111111
1111111111111100000001111110000011111111
1111111111111000000011111110000011111111
1111111111100000000111111110000011111111
1111111111000000001111111110000011111111
1111111110000000011111111110000000000001
1111111100000000111111111100000000000001
1111111000000001111110000000000000000001
1111110000000000000000000000000000000001
1111110000000000000000000000000000000001
1111110000000000000000000000000011111111
1111110000000000000000000000000011111111
1111111000000000000000111110000011111111
1111111111111111111111111110000011111111
1111111111111111111111111110000011111111
1111111111111111111111111110000011111111
1111111111111111111111111110000011111111
1111111111111111111111111110000011111111
1111111111111111111111111110000011111111
1111111111111111111111111110000011111111
1111111111111111111111111110000011111111
1111111111111111111111111110000011111111
1111111111111111111111111111111111111111
1111111111111111111111111111111111111111
1111111111111111111111111111111111111111
4