1111111111111111111111111111111111111111
1111111111111111111111111111111111111111
1111111111111111111111111111111111111111
1111111111111111110011111111111111111111
1111111111111111110001111111111111111111
1111111111111111100000011111111111111111
1111111111111110000000010000011111111111
1111111111111100000000110000011111111111
1111111111111000000001110000011111111111
1111111111100000000011100000011111111111
1111111111000000000111100000111111111111
1111111100000000011111100000111111111111
1111111000000000111111000000111111111111
1111100000000011111111000001111111111111
1110000000000111111111000001111111111111
1100000000001111111110000001111111111111
0000000000111111111110000001111111111111
0000000001100000000000000000000000001111
0000000000000000000000000000000000000000
0000000000000000000000000000000000000000
0000000000000000000000000000000000000000
0000000000000000000000000000000000000000
0000000000001111111100000111111111100000
1111111111111111111100000111111111111111
1111111111111111111100000111111111111111
1111111111111111111000000111111111111111
1111111111111111111000001111111111111111
1111111111111111111000001111111111111111
1111111111111111111000001111111111111111
1111111111111111111000001111111111111111
1111111111111111111000001111111111111111
1111111111111111111000001111111111111111
1111111111111111110000011111111111111111
1111111111111111110000011111111111111111
1111111111111111110000011111111111111111
1111111111111111110000011111111111111111
1111111111111111110000011111111111111111
1111111111111111100000011111111111111111
1111111111111111110000111111111111111111
1111111111111111111111111111111111111111
4