1111111111111111111111111111111111111111
1111111111111111000000111111111111111111
1111111111111110000000011111111111111111
1111111111111110000000011111111111111111
1111111111111110000000011111111111111111
1111111111111100000000011111111111111111
1111111111111000000000011111111111111111
1111111111111000000000011111111111111111
1111111111110000000000011111111111111111
1111111111110000000000011111111111111111
1111111111100000000000011111111111111111
1111111111000000100000011111111111111111
1111111110000000100000011111111111111111
1111111110000001100000011111111111111111
1111111100000011100000111111111111111111
1111111000000011100000111111111111111111
1111110000000111100000111111111111111111
1111110000001111100000111111111111111111
1111100000011111100000111111001111111111
1111100000111111100000000000000111111111
1111000000000000000000000000000111111111
1110000000000000000000000000000111111111
1110000000000000000000000000000011111111
1110000000000000000000000000011111111111
1110000000000000000000111111111111111111
1111000000011111100000111111111111111111
1111111111111111100000111111111111111111
1111111111111111100000111111111111111111
1111111111111111100000111111111111111111
1111111111111111100000111111111111111111
1111111111111111100000111111111111111111
1111111111111111100000111111111111111111
1111111111111111100000111111111111111111
1111111111111111100000111111111111111111
1111111111111111111111111111111111111111
1111111111111111111111111111111111111111
1111111111111111111111111111111111111111
1111111111111111111111111111111111111111
1111111111111111111111111111111111111111
1111111111111111111111111111111111111111
4