1111111111111111111110111111111111111111
1111111111111111111100011111111111111111
1111111111111111111000001111111111111111
1111111111111111110000000111111111111111
1111111111111111000000000111111111111111
1111111111111110000000000011111111111111
1111111111111100000000000011111111111111
1111111111111000000000000011111111111111
1111111111110000000010000011111111111111
1111111111100000000110000011111111111111
1111111111000000001110000011111111111111
1111111110000000011110000011111111111111
1111111100000000111110000011111111111111
1111111000000011111110000011111111111111
1111110000000111111110000011111111111111
1111100000001111111100000011111111111111
1110000000011111111100000111111111111111
1100000000111111111100000111111111111111
1000000001111111111100000111111111111111
0000000011111111111100000111111111111111
0000000111111111111000000111100111111111
0000000000000000000000000000000111111111
0000000000000000000000000000000111111111
0000000000000000000000000000000011111111
1000000000000000000000000000000011111111
1100000000000000000000000000011111111111
1111111111111111111000001111111111111111
1111111111111111111000001111111111111111
1111111111111111111000001111111111111111
1111111111111111111000001111111111111111
1111111111111111110000011111111111111111
1111111111111111110000011111111111111111
1111111111111111110000011111111111111111
1111111111111111110000011111111111111111
1111111111111111110000011111111111111111
1111111111111111110000011111111111111111
1111111111111111111111011111111111111111
1111111111111111111111111111111111111111
1111111111111111111111111111111111111111
1111111111111111111111111111111111111111
4