1111111111111111111111111111111111111111
1111111111111111111111111111111111111111
1111111111111111111011111111111111111111
1111111111111111110001111111111111111111
1111111111111111100000111111111111111111
1111111111111111100000011111111111111111
1111111111111111000000000111111111111111
1111111111111110000000000111111111111111
1111111111111110000000000111111111111111
1111111111111100000000000111111111111111
1111111111111100000000000111111111111111
1111111111111000000100000111111111111111
1111111111110000001100000111111111111111
1111111111110000001100000111111111111111
1111111111100000011100000111111111111111
1111111111000000111100000111111111111111
1111111110000000111100000111111111111111
1111111100000001111100000111111111111111
1111111000000011111110000011111111111111
1111110000000111111110000011111111111111
1111100000001111111110000011111111111111
1111000000011111111100000000000111111111
1110000000111111100000000000000000001111
1000000000100000000000000000000000001111
0000000000000000000000000000000000001111
0000000000000000000000000000000000001111
0000000000000000000000000011110000001111
0000000000000000001100000011111111111111
1000000000001111111110000011111111111111
1000111111111111111110000011111111111111
1111111111111111111110000011111111111111
1111111111111111111110000011111111111111
1111111111111111111110000011111111111111
1111111111111111111110000011111111111111
1111111111111111111110000011111111111111
1111111111111111111110000011111111111111
1111111111111111111110000011111111111111
1111111111111111111110000011111111111111
1111111111111111111110000011111111111111
1111111111111111111111111111111111111111
4