1111111111111111111111111111111111111111
1111111111111111111111111111111111111111
1111111111111111111111000111111111111111
1111111111111111111111000001111111111111
1111111111111111111110000000111111111111
1111111111111111111100000000111111111111
1111111111111111111100000000111111111111
1111111111111111111000000000111111111111
1111111111111111110000000000111111111111
1111111111111111100000000000111111111111
1111111111111111000000000000111111111111
1111111111111100000000000000111111111111
1111111111111000000001100000111111111111
1111111111110000000011100000111111111111
1111111111000000000111100000111111111111
1111111110000000001111100000111111111111
1111111100000000111111100000111111111111
1111111000000001111111100000111111111111
1111100000000011111111000000111111111111
1111000000001111111111000000111111111111
1100000000011111111111000000111111111111
0000000000111111111110000000000000011111
0000000011111111000000000000000000011111
0000000011100000000000000000000000011111
0000000000000000000000000000000000011111
0000000000000000000000000000000000011111
0000000000000000000000000001111111111111
0000000000000000011111000001111111111111
0000000000011111111111000001111111111111
1111111111111111111111000001111111111111
1111111111111111111111000001111111111111
1111111111111111111111000001111111111111
1111111111111111111111000001111111111111
1111111111111111111110000001111111111111
1111111111111111111110000011111111111111
1111111111111111111111111111111111111111
1111111111111111111111111111111111111111
1111111111111111111111111111111111111111
1111111111111111111111111111111111111111
1111111111111111111111111111111111111111
4