1111111111111111111110111111111111111111
1111111111111111111100001111111111111111
1111111111111111111000000011111111111111
1111111111111111110000000001111111111111
1111111111111111100000000001111111111111
1111111111111111000000000001111111111111
1111111111111110000000000001111111111111
1111111111111100000001000001111111111111
1111111111111000000011000001111111111111
1111111111110000000111000001111111111111
1111111111100000001111000001111111111111
1111111111000000011111000001111111111111
1111111110000000111111000001111111111111
1111111100000001111111000001111111111111
1111111000000001111111000001111111111111
1111110000000011111111000001111111111111
1111100000000111111111000001111111111111
1110000000011111111111000001111111111111
1100000000111111111111000001111111111111
1000000001111111111111000000000011111111
0000000011111111111100000000000011111111
0000000111111000000000000000000011111111
0000000000000000000000000000000011111111
0000000000000000000000000000000001111111
0000000000000000000000000000111111111111
0000000000000000000001000001111111111111
0000000000000011111111000001111111111111
0000001111111111111111000001111111111111
1111111111111111111111000001111111111111
1111111111111111111111000000111111111111
1111111111111111111111100000111111111111
1111111111111111111111000000111111111111
1111111111111111111111000000111111111111
1111111111111111111111000000111111111111
1111111111111111111111111111111111111111
1111111111111111111111111111111111111111
1111111111111111111111111111111111111111
1111111111111111111111111111111111111111
1111111111111111111111111111111111111111
1111111111111111111111111111111111111111
4