1111111111111111111111111111111111111111
1111111111111111111111111111111111111111
1111111111111111111110001111111111111111
1111111111111111111100000011111111111111
1111111111111111111000000011111111111111
1111111111111111110000000111111111111111
1111111111111111100000000111111111111111
1111111111111111100000000111111111111111
1111111111111111000000000111111111111111
1111111111111110000000000111111111111111
1111111111111110000000000111111111111111
1111111111111100000000000111111111111111
1111111111111000000000000111111111111111
1111111111110000000100000111111111111111
1111111111100000001100000111111111111111
1111111111000000011100000111111111111111
1111111100000000011100000111111111111111
1111111000000000111100000111111111111111
1111110000000011111100000111111111111111
1111110000000111111100000111111111111111
1111100000001111111100000111111111111111
1111000000011111111100000111111111111111
1111000000111111111100000111111111111111
1110000001111111111100000110000111111111
1100000001111111111000000000000011111111
1100000011111111111000000000000011111111
1000000111111111110000000000000011111111
1000000000000000000000000000000011111111
1000000000000000000000000000111111111111
1000000000000000000000000111111111111111
1100000000000000000000001111111111111111
1111000000000000000000001111111111111111
1111111111111111111000001111111111111111
1111111111111111111000001111111111111111
1111111111111111111000001111111111111111
1111111111111111111000001111111111111111
1111111111111111111000001111111111111111
1111111111111111111000001111111111111111
1111111111111111111100001111111111111111
1111111111111111111000001111111111111111
4