1111111111111111111111111111111111111111
1111111111111111111111111111111111111111
1111111111111111111111111111111111111111
1111111111111111111100110111111111111111
1111111111111111111100000000011111111111
1111111111111111111000000000011111111111
1111111111111111110000000000011111111111
1111111111111111100000000000011111111111
1111111111111111100000000000011111111111
1111111111111111000000110000011111111111
1111111111111110000001110000011111111111
1111111111111100000001100000011111111111
1111111111111000000011100000111111111111
1111111111110000000111100000111111111111
1111111111110000001111100000111111111111
1111111111000000001111100000111111111111
1111111110000000011111100000111111111111
1111111000000000111111100000111111111111
1111100000000001111111100000111111111111
1110000000000111111111100000111111111111
1100000000001111111111100000100000011111
1000000000111111111111100000000000011111
1000000000000100000000000000000000011111
0000000000000000000000000000000000011111
0000000000000000000000000000000000011111
1000000000000000000000000000001111111111
1100000000000000000000000000111111111111
1110000000000001111111000001111111111111
1111111111111111111111000001111111111111
1111111111111111111111000001111111111111
1111111111111111111111000001111111111111
1111111111111111111111000001111111111111
1111111111111111111111000001111111111111
1111111111111111111110000011111111111111
1111111111111111111110000011111111111111
1111111111111111111110000011111111111111
1111111111111111111110000011111111111111
1111111111111111111110000011111111111111
1111111111111111111111100011111111111111
1111111111111111111111111111111111111111
4