1111111111111111111111111111111111111111
1111111111111111111111111111111111111111
1111111111111111111111111111111111111111
1111111111111111111111111111111111111111
1111111111111111110000000111111111111111
1111111111111100000000000000111111111111
1111111111110000000000000000001111111111
1111111111110000000000000000000011111111
1111111111110000000000000000000001111111
1111111111110000000111110000000000111111
1111111111111000111111111110000000011111
1111111111111111111111111111100000011111
1111111111111111111111111111100000011111
1111111111111111111111111111100000011111
1111111111111111111111111110000000111111
1111111111111111111111110000000000111111
1111111111111111000000000000000001111111
1111111111111100000000000000000000001111
1111111111111100000000000000000000000111
1111111111111100000000000000000000000011
1111111111111100000000000000000000000011
1111111111111100000000111100000000000001
1111111111111111111111111111111111000001
1111111111111111111111111111111111000001
1111111111111111111111111111111110000001
1111111111111111111111111111111100000011
1111111111111111111111111111100000000011
1111111111111111111111111110000000000111
1111111111111111111111110000000000001111
1111111100000000000000000000000000011111
1111111100000000000000000000000001111111
1111111100000000000000000000000111111111
1111111100000000000000000000111111111111
1111111100000000000000000111111111111111
1111111111111111111111111111111111111111
1111111111111111111111111111111111111111
1111111111111111111111111111111111111111
1111111111111111111111111111111111111111
1111111111111111111111111111111111111111
1111111111111111111111111111111111111111
3