1111111111111111111111111111111111111111
1111111111111111111111111111111111111111
1111111111111111111111111111111111111111
1111111111111111111111111111111111111111
1111111111111111111111111111111111111111
1111111111111111111100000111111111111111
1111111111111111110000000001111111111111
1111111111111111100000000001111111111111
1111111111111111000000000000111111111111
1111111111111111000000000000001111111111
1111111111111110000000100000000111111111
1111111111111100000001110000000111111111
1111111111111100000011111000000111111111
1111111111111000000111111100000011111111
1111111111111000000111111110000011111111
1111111111110000001111111110000001111111
1111111111110000011111111110000001111111
1111111111110000011111111111000001111111
1111111111100000011111111111000001111111
1111111111100000111111111111000001111111
1111111111100000111111111111000001111111
1111111111100000111111111111000001111111
1111111111100000111111111111000001111111
1111111111100000111111111111000001111111
1111111111100000111111111111000001111111
1111111111100000111111111111000001111111
1111111111100000111111111110000001111111
1111111111100000111111111110000011111111
1111111111100000111111111100000011111111
1111111111100000011111111100000111111111
1111111111110000011111111000000111111111
1111111111110000001111110000001111111111
1111111111110000001111100000001111111111
1111111111111000000100000000011111111111
1111111111111000000000000000111111111111
1111111111111100000000000001111111111111
1111111111111110000000000011111111111111
1111111111111111000000000111111111111111
1111111111111111110000111111111111111111
1111111111111111111111111111111111111111
0