1111111111111111111111111111111111111111
1111111111111111111111111111111111111111
1111111111111111111111111111111111111111
1111111111111111111111111111111111111111
1111111111111111111111111111111111111111
1111111111111111111111111111111111111111
1111111111111111111111111111111111111111
1111111111111111111111000000111111111111
1111111111111111111110000000001111111111
1111111111111111111110000000001111111111
1111111111111111111100000000001111111111
1111111111111111111000000000001111111111
1111111111111111110000000000001111111111
1111111111111111100000000000001111111111
1111111111111111000000010000011111111111
1111111111111110000000110000011111111111
1111111111111100000001110000011111111111
1111111111111000000011110000011111111111
1111111111110000000111110000011111111111
1111111111000000001111110000011111111111
1111111110000000011111110000011111111111
1111111100000000111111110000011111111111
1111110000000001111111110000011111111111
1111100000000111111111110000011111111111
1111000000001111111111100000000011111111
1100000000011111100000000000000011111111
1000000000000000000000000000000011111111
0000000000000000000000000000000011111111
0000000000000000000000000000000011111111
0000000000000000000000000000111111111111
0000000000000000011111100000111111111111
1000000000111111111111100000111111111111
1111111111111111111111100000111111111111
1111111111111111111111100000111111111111
1111111111111111111111100000111111111111
1111111111111111111111100000111111111111
1111111111111111111111111000111111111111
1111111111111111111111111110111111111111
1111111111111111111111111111111111111111
1111111111111111111111111111111111111111
4