1111111111111111111111111111111111111111
1111111111111111111111111111111111111111
1111111111111111111111111111111111111111
1111111111111111111111111111110001111111
1111111111111111111111111111000001111111
1111111111111111111000011111000001111111
1111111111111111111000001111000001111111
1111111111111111110000001111000001111111
1111111111111111100000011111000001111111
1111111111111111100000011111000001111111
1111111111111111000000111111000001111111
1111111111111111000001111111000001111111
1111111111111110000001111111000001111111
1111111111111100000011111111000001111111
1111111111111100000011111111000001111111
1111111111111000000111111111000001111111
1111111111110000001111111111000001111111
1111111111100000001111111111000001111111
1111111111000000011111111111000001111111
1111111111000000111111111111000001111111
1111111110000001111111111111000001111111
1111111110000001111111111111000001111111
1111111100000011111111111110000000111111
1111111000000111111100000000000000111111
1111111000000110000000000000000000111111
1111100000000000000000000000000000111111
1111100000000000000000000000000000111111
1111100000000000000000000000000001111111
1111100000000000000011111111000001111111
1111100000000000111111111111000001111111
1111111000011111111111111111000001111111
1111111111111111111111111111000001111111
1111111111111111111111111111000001111111
1111111111111111111111111111000001111111
1111111111111111111111111111000001111111
1111111111111111111111111111000001111111
1111111111111111111111111111111111111111
1111111111111111111111111111111111111111
1111111111111111111111111111111111111111
1111111111111111111111111111111111111111
4