1111111111111111111111111111111111111111
1111111111111111101111111111111111111111
1111111111111111001111111111111111111111
1111111111111110000111100000111111111111
1111111111111100000111100000111111111111
1111111111111000000011100000111111111111
1111111111110000000111100000111111111111
1111111111110000001111000001111111111111
1111111111100000011111000001111111111111
1111111111100000011111000001111111111111
1111111111000000111111000001111111111111
1111111111000001111110000001111111111111
1111111110000001111110000011111111111111
1111111110000011111110000011111111111111
1111111100000011111110000011111111111111
1111111000000111111100000011111111111111
1111111000000111111100000111111111111111
1111110000001111111100000111111111111111
1111100000011111111100000111111111111111
1111000000011111111100000111111111111111
1111000000111111111100000111100011111111
1110000001111111111100000000000001111111
1100000001111111110000000000000001111111
1000000011110000000000000000000001111111
1000000000000000000000000000000001111111
0000000000000000000000000000011111111111
0000000000000000000000000111111111111111
1000000000000000000000001111111111111111
1000000000000111110000001111111111111111
1100001111111111110000011111111111111111
1111111111111111110000011111111111111111
1111111111111111100000011111111111111111
1111111111111111100000111111111111111111
1111111111111111100000111111111111111111
1111111111111111100000111111111111111111
1111111111111111111111111111111111111111
1111111111111111111111111111111111111111
1111111111111111111111111111111111111111
1111111111111111111111111111111111111111
1111111111111111111111111111111111111111
4