1111111111111111111111111111111111111111
1111111111111111111111111111111111111111
1111111111111111111111111111111111111111
1111111111111111111111111111111111111111
1111111111111111111110111111111111111111
1111111111111111111110000111111111111111
1111111111111111111110000000111111111111
1111111111111111111100000000111111111111
1111111111111111111000000000111111111111
1111111111111111111000000000111111111111
1111111111111111110000000000111111111111
1111111111111111110000000000111111111111
1111111111111111100000000000111111111111
1111111111111111100000000000111111111111
1111111111111111000000100000111111111111
1111111111111110000000100000111111111111
1111111111111110000001100000111111111111
1111111111111100000011100000111111111111
1111111111111000000111100000111111111111
1111111111110000000111100000111111111111
1111111111110000001111100000111111111111
1111111111100000011111100000111111111111
1111111111100000011111100000111111111011
1111111111000000111111100000111111000011
1111111110000001111111100000000000000011
1111111100000001111111000000000000000001
1111111100000011111000000000000000000001
1111111000000000000000000000000000000111
1111110000000000000000000000000000011111
1111110000000000000000000000011111111111
1111110000000000000000000000111111111111
1111111000000000000111100000111111111111
1111111100001111111111110000011111111111
1111111111111111111111110000011111111111
1111111111111111111111110000011111111111
1111111111111111111111110000011111111111
1111111111111111111111111111111111111111
1111111111111111111111111111111111111111
1111111111111111111111111111111111111111
1111111111111111111111111111111111111111
4