1111111111111111111111111111111111111111
1111111111111111111111111111111111111111
1111111111111111111111111111111111111111
1111111111111111111111111111111111111111
1111111111111111111110111111111111111111
1111111111111111111110000011111111111111
1111111111111111111100000000001111111111
1111111111111111111100000000001111111111
1111111111111111111000000000001111111111
1111111111111111111000000000001111111111
1111111111111111110000000000011111111111
1111111111111111100000010000011111111111
1111111111111111100000010000011111111111
1111111111111111000000110000011111111111
1111111111111110000000110000011111111111
1111111111111110000001110000011111111111
1111111111111100000011110000011111111111
1111111111111000000111100000111111111111
1111111111110000000111100000111111111111
1111111111100000001111100000111111111111
1111111111000000011111100000111111111111
1111111110000000111111100000111111110011
1111111100000001111111100000111100000011
1111111000000011111111100000110000000011
1111111000000111111111100000000000000011
1111110000000111111100000000000000000011
1111110000000000000000000000000000000111
1111110000000000000000000000000001111111
1111110000000000000000000000000111111111
1111111000000000000000000000111111111111
1111111100000000000011000000111111111111
1111111111111111111111100000111111111111
1111111111111111111111100000111111111111
1111111111111111111111100000111111111111
1111111111111111111111100000111111111111
1111111111111111111111100000111111111111
1111111111111111111111100000111111111111
1111111111111111111111111111111111111111
1111111111111111111111111111111111111111
1111111111111111111111111111111111111111
4