1111111111111111111111111111111111111111
1111111111111111111111111111111111111111
1111111111111111101111111111111111111111
1111111111111111100111111111111111111111
1111111111111111000011111111111111111111
1111111111111111000000011111111111111111
1111111111111110000000011111111111111111
1111111111111100000000011111111111111111
1111111111111100000000011111111111111111
1111111111111000000000111111111111111111
1111111111110000000000111111111111111111
1111111111100000000000111111111111111111
1111111111000000000000111111111111111111
1111111110000000000000111111111111111111
1111111100000000000001111111111111111111
1111111000000001000001111111111111111111
1111110000000111000001111111111111111111
1111110000001111000001111111111111111111
1111100000011111000001111111111111111111
1111000000111111000001111111111111111111
1110000000111111000001111111111100011111
1110000001111110000011111111000000011111
1100000011111110000000000000000000001111
1000000011111110000000000000000000001111
1000000000000000000000000000000000001111
1000000000000000000000000000000001111111
1100000000000000000000000000011111111111
1100000000000000000001111111111111111111
1110000000000000000111111111111111111111
1111111111111100000111111111111111111111
1111111111111100000111111111111111111111
1111111111111100000111111111111111111111
1111111111111100000111111111111111111111
1111111111111100000111111111111111111111
1111111111111100000111111111111111111111
1111111111111100000111111111111111111111
1111111111111100000111111111111111111111
1111111111111100001111111111111111111111
1111111111111111111111111111111111111111
1111111111111111111111111111111111111111
4