1111111111111111111111111111111111111111
1111111111111111111111111111111111111111
1111111111111111111111111111111111111111
1111111111111111111111111111111111111111
1111111111111111111000001111111111111111
1111111111111111110000000000111111111111
1111111111111111100000000000011111111111
1111111111111111000000000000011111111111
1111111111111110000000100000111111111111
1111111111111110000001100000111111111111
1111111111111100000011100000111111111111
1111111111111100000011100000111111111111
1111111111111000000111100000111111111111
1111111111110000001111100000111111111111
1111111111110000001111100000111111111111
1111111111100000011111100000111111111111
1111111111000000111111100000111111111111
1111111110000000111111000001111111111111
1111111100000001111111000001111111111111
1111111000000011111111000001111111111111
1111111000000111111111000001111111111111
1111110000001111111111000001111111111111
1111100000011111111111000001111111111111
1111000000011111111111000001111111111111
1111000000111111111111000001111111111111
1110000001111111111111000001111111111011
1110000011111111111111000001111000000001
1100000011111111110000000000000000000001
1100000000000000000000000000000000000001
1000000000000000000000000000000000000001
1000000000000000000000000000000000000011
1100000000000000000000000000000000111111
1110000000000000001100000011111111111111
1110001111111111111110000011111111111111
1111111111111111111110000111111111111111
1111111111111111111100000111111111111111
1111111111111111111100000111111111111111
1111111111111111111111111111111111111111
1111111111111111111111111111111111111111
1111111111111111111111111111111111111111
4