1111111111111111111111111111111111111111
1111111111111111111111111111111111111111
1111111111111111111111111111111111111111
1111111111111111111100011111111111111111
1111111111111111111100000100111111111111
1111111111111111111000000100000111111111
1111111111111111110000001100000111111111
1111111111111111110000001100000111111111
1111111111111111100000011100000111111111
1111111111111111000000111100000111111111
1111111111111110000000111000001111111111
1111111111111110000001111000001111111111
1111111111111100000011111000001111111111
1111111111111000000011111000001111111111
1111111111110000000111111000001111111111
1111111111100000001111111000001111111111
1111111111100000011111111000001111111111
1111111111000000011111111000001111111111
1111111110000000111111111000001111111111
1111111100000001111111111000001111111111
1111111000000011111111111000001111111111
1111110000000111111111111000001111111111
1111100000001111111111111000001111111111
1111000000011111111111111000001111110000
1110000000111111111110000000000000000000
1110000000111000000000000000000000000000
1110000000000000000000000000000000000000
1110000000000000000000000000000000000000
1110000000000000000000000000000000000111
1110000000000000000000111000001111111111
1111110000000111111111111000001111111111
1111111111111111111111111000001111111111
1111111111111111111111111000001111111111
1111111111111111111111111000001111111111
1111111111111111111111111000001111111111
1111111111111111111111111100001111111111
1111111111111111111111111101111111111111
1111111111111111111111111111111111111111
1111111111111111111111111111111111111111
1111111111111111111111111111111111111111
4