1111111111111111111111111111111111111111
1111111111111111111111111111111111111111
1111111111111111111110111111111111111111
1111111111111111111110000100000011111111
1111111111111111111100000000000011111111
1111111111111111111100000010000011111111
1111111111111111111000000110000011111111
1111111111111111111000001100000111111111
1111111111111111110000001100000111111111
1111111111111111110000001100000111111111
1111111111111111100000011100000111111111
1111111111111111100000011100000111111111
1111111111111111000000111100000111111111
1111111111111111000001111000001111111111
1111111111111110000001111000001111111111
1111111111111110000011111000001111111111
1111111111111100000011111000001111111111
1111111111111000000111111000001111111111
1111111111110000000111111000001111111111
1111111111100000001111110000001111111111
1111111111100000011111110000011111111111
1111111111000000011111110000011111111111
1111111110000000111111110000011111111111
1111111100000001111111110000011111111111
1111111000000011111111110000011100000111
1111110000000000000000000000000000000011
1111110000000000000000000000000000000011
1111111000000000000000000000000000000001
1111111000000000000000000000000000000011
1111111000000000000000000000000001111111
1111111111111111111111000000111111111111
1111111111111111111111100000111111111111
1111111111111111111111100000111111111111
1111111111111111111111000000111111111111
1111111111111111111111000001111111111111
1111111111111111111111000001111111111111
1111111111111111111111000001111111111111
1111111111111111111111000001111111111111
1111111111111111111111000001111111111111
1111111111111111111111110001111111111111
4