1111111111111111111111111111111111111111
1111111111111111111111111111111111111111
1111111111111100000111111111111111111111
1111111111111100000000001111111111111111
1111111111111100000000001111111111111111
1111111111111000000000001111111111111111
1111111111111000001000001111111111111111
1111111111110000001000001111111111111111
1111111111110000001000001111111111111111
1111111111100000010000001111111111111111
1111111111100000010000011111111111111111
1111111111000000110000011111111111111111
1111111111000000110000011111111111111111
1111111110000001110000011111111111111111
1111111110000001110000011111111111111111
1111111100000011110000011111111111111111
1111111100000011100000111111111111111111
1111111000000111100000111111111111111111
1111111000000111100000111111111111111111
1111110000001111100000111111111111111111
1111110000001111100000111111111111111111
1111100000011111000000111111111111111111
1111000000011111000001111111111111111111
1111000000111111000001111111111111111111
1110000001111111000001111111111110011111
1100000011111111000001110000000000001111
1000000011111000000000000000000000001111
0000000000000000000000000000000000001111
0000000000000000000000000000000000001111
0000000000000000000000000000000000111111
0000000000000000000000000111111111111111
0000000000000000000001111111111111111111
1000011111111110000011111111111111111111
1111111111111110000011111111111111111111
1111111111111110000011111111111111111111
1111111111111110000011111111111111111111
1111111111111110000011111111111111111111
1111111111111110000111111111111111111111
1111111111111111111111111111111111111111
1111111111111111111111111111111111111111
4