1111111111111111111111111111111111111111
1111111111111111111111111111111111111111
1111111111111111111111000000000011111111
1111111111111111111110000000000011111111
1111111111111111111100000010000011111111
1111111111111111111100000010000011111111
1111111111111111111000000110000011111111
1111111111111111110000000110000011111111
1111111111111111110000001110000011111111
1111111111111111100000011110000011111111
1111111111111111000000111110000011111111
1111111111111111000000111110000011111111
1111111111111110000001111110000011111111
1111111111111100000001111110000011111111
1111111111111100000011111110000011111111
1111111111111000000111111110000011111111
1111111111111000000111111110000011111111
1111111111110000001111111110000011111111
1111111111100000011111111110000011111111
1111111111100000011111111110000011111111
1111111111000000111111111110000011111111
1111111110000001111111111110000011111111
1111111110000001111111111110000011111100
1111111100000011111111111110000011000000
1111111000000111111111111110000000000000
1111111000000111111111000000000000000000
1111111000001110000000000000000000000000
1111110000000000000000000000000000000001
1111110000000000000000000000000000011111
1111110000000000000000000000000011111111
1111110000000000000000111100000011111111
1111111000000000111111111110000011111111
1111111111111111111111111100000111111111
1111111111111111111111111100000111111111
1111111111111111111111111100000111111111
1111111111111111111111111100000111111111
1111111111111111111111111100000111111111
1111111111111111111111111111110111111111
1111111111111111111111111111111111111111
1111111111111111111111111111111111111111
4