1111111111111111111111111111111111111111
1111111111111111111110011111111111111111
1111111111111111111100011111111111111111
1111111111111111111100001111111111111111
1111111111111111111100000000111111111111
1111111111111111111000000000111111111111
1111111111111111111000000000111111111111
1111111111111111110000000000111111111111
1111111111111111110000000000111111111111
1111111111111111100000000000111111111111
1111111111111111100000000000111111111111
1111111111111111000000000001111111111111
1111111111111110000000000001111111111111
1111111111111110000001000001111111111111
1111111111111100000010000001111111111111
1111111111111000000110000011111111111111
1111111111111000000110000011111111111111
1111111111110000001110000011111111111111
1111111111100000011110000011111111111111
1111111111000000011100000111111111111111
1111111110000000111100000111111111111111
1111111100000001111100000111111111111111
1111111000000011111100000111111111111111
1111110000000011111000000111111100000011
1111100000000111111000000110000000000011
1110000000001111111000000000000000000011
1100000000011111100000000000000000000001
1100000000000000000000000000000000000001
1100000000000000000000000000000001111111
1100000000000000000000000000111111111111
1110000000000000000000011111111111111111
1110000000000000000000011111111111111111
1111111111111111100000011111111111111111
1111111111111111100000111111111111111111
1111111111111111100000111111111111111111
1111111111111111100000111111111111111111
1111111111111111100000111111111111111111
1111111111111111100000111111111111111111
1111111111111111111111111111111111111111
1111111111111111111111111111111111111111
4