1111111111111111111111111111111111111111
1111111111111111111111111111111111111111
1111111111111111111111111111111111111111
1111111111111111111111111111111111111111
1111111111111111111111111111111111111111
1111111111111111111110000011111111111111
1111111111111111111100000011111111111111
1111111111111111111000000011111111111111
1111111111111111111000000000011111111111
1111111111111111110000000000011111111111
1111111111111111110000000000011111111111
1111111111111111100000000000011111111111
1111111111111111000000100000111111111111
1111111111111110000000100000111111111111
1111111111111100000001100000111111111111
1111111111111000000011100000111111111111
1111111111110000000111100000111111111111
1111111111110000001111100000111111111111
1111111111110000011111100000111111111111
1111111111100000111111100000111111111111
1111111111100000111111100000111111111111
1111111111100000111111100000111111111111
1111111111000000111111000000111111111111
1111111110000001111111000000111111111111
1111111100000001111111000000111111111111
1111111000000011111111000000111111111111
1111100000000111111111000000000001111111
1111000000001111111000000000000001111111
1111000000000000000000000000000001111111
1111000000000000000000000000000000111111
1111000000000000000000000000000001111111
1111000000000000000000000000011111111111
1111100000000000000011000001111111111111
1111111111111111111111000001111111111111
1111111111111111111111000001111111111111
1111111111111111111111000001111111111111
1111111111111111111111000001111111111111
1111111111111111111111000001111111111111
1111111111111111111111111111111111111111
1111111111111111111111111111111111111111
4