1111111111111111111111111111111111111111
1111111111111000011111111111111111111111
1111111111000000000001111111111111111111
1111111100000000000000011111111111111111
1111111000000000000000000111111111111111
1111110000000000000000000011111111111111
1111000000000011000000000001111111111111
1111000000011111111000000000111111111111
1110000000111111110000000011111111111111
1100000001111111100000001111111111111111
1100000011111111100000001111111111111111
1000000111111111000000001111111111111111
1000000111111111000000001111111111111111
0000001111111110000000001111111111111111
0000011111111110000000001111111111111111
0000011111111110000000011111111111111111
0000011111111100000000011111111111111111
0000011111111000000000011111111111111111
0000011111100000000000011111111111111111
0000001110000000000000011111111111111111
0000000000000000000000011111111111111111
1000000000000000110000011111111111111111
1000000000000001110000011111111111111111
1100000000000111100000011111111111111111
1111000000111111100000111111111111111111
1111111111111111100000111111111111111111
1111111111111111100000111111111111111111
1111111111111111100000111111111111111111
1111111111111111000000111111111111111111
1111111111111111000001111111111111111111
1111111111111111000001111111111111111111
1111111111111111000001111111111111111111
1111111111111111000001111111111111111111
1111111111111110000001111111111111111111
1111111111111110000011111111111111111111
1111111111111110000011111111111111111111
1111111111111110000011111111111111111111
1111111111111110000011111111111111111111
1111111111111110000011111111111111111111
1111111111111111111111111111111111111111
9