1111111111111111111111111111111111111111
1111111111111111111111111111111111111111
1111111111111111111111000111111111111111
1111111111111111111110000000111111111111
1111111111111111111100000000111111111111
1111111111111111111000000000111111111111
1111111111111111110000000000111111111111
1111111111111111100000000000111111111111
1111111111111111000000000001111111111111
1111111111111110000000000001111111111111
1111111111111000000000000001111111111111
1111111111110000000010000001111111111111
1111111111100000000110000011111111111111
1111111110000000001110000011111111111111
1111111100000000011110000011111111111111
1111110000000001111100000011111111111111
1111100000000011111100000111111111111111
1110000000000111111100000111111111111111
1100000000011111111100000111111111111111
1000000000111111111000000111111100000000
0000000000000000000000000000000000000000
0000000000000000000000000000000000000000
0000000000000000000000000000000000000000
0000000000000000000000000000000000000000
1000000000000000000000000000000000000000
1111111111111111100000011111111111111111
1111111111111111100000111111111111111111
1111111111111111100000111111111111111111
1111111111111111100000111111111111111111
1111111111111111000000111111111111111111
1111111111111111000001111111111111111111
1111111111111111000001111111111111111111
1111111111111111000001111111111111111111
1111111111111111000001111111111111111111
1111111111111110000011111111111111111111
1111111111111110000011111111111111111111
1111111111111110000011111111111111111111
1111111111111110000011111111111111111111
1111111111111100000011111111111111111111
1111111111111100000111111111111111111111
4