1111111111111111111111111111111111111111
1111111111111111111111111111111111111111
1111111111111111111100000001111111111111
1111111111111111111000000001111111111111
1111111111111111100000000001111111111111
1111111111111111000000000001111111111111
1111111111111100000000000001111111111111
1111111111111000000000000001111111111111
1111111111110000000011000001111111111111
1111111111000000000111000001111111111111
1111111110000000011110000011111111111111
1111111100000000111110000011111111111111
1111111000000001111110000011111111111111
1111110000000011111110000011111111111111
1111100000000111111110000011111111111111
1111000000011111111100000011111111111111
1110000000111111111100000011100000000000
1100000000111110000000000000000000000000
1000000000000000000000000000000000000000
1000000000000000000000000000000000000000
1000000000000000000000000000000000000000
1100000000000000000000000000001111111111
1100000000000000011000001111111111111111
1111000011111111111000001111111111111111
1111111111111111111000001111111111111111
1111111111111111111000001111111111111111
1111111111111111111000001111111111111111
1111111111111111111000001111111111111111
1111111111111111111000001111111111111111
1111111111111111111000001111111111111111
1111111111111111111000001111111111111111
1111111111111111111000001111111111111111
1111111111111111111000001111111111111111
1111111111111111111000011111111111111111
1111111111111111111111111111111111111111
1111111111111111111111111111111111111111
1111111111111111111111111111111111111111
1111111111111111111111111111111111111111
1111111111111111111111111111111111111111
1111111111111111111111111111111111111111
4