1111111111111111111111111111111111111111
1111111111111111111111111111111111111111
1111111111111111111111111111111111111111
1111111111111111111000011111111111111111
1111111111111111111000000001111111111111
1111111111111111110000000001111111111111
1111111111111111110000000001111111111111
1111111111111111100000000001111111111111
1111111111111111100000000001111111111111
1111111111111111000000000001111111111111
1111111111111110000001000001111111111111
1111111111111110000001000001111111111111
1111111111111100000011000001111111111111
1111111111111100000011000001111111111111
1111111111111000000111000001111111111111
1111111111110000001111000001111111111111
1111111111100000001111000001111111111111
1111111111100000011111000001111111111111
1111111111000000111111000001111111111111
1111111110000000111111000001111111111111
1111111110000001111110000011111111111111
1111111100000011111110000011111111111111
1111111000000111111110000011111111111111
1111111000000111111110000011111111111111
1111110000001111110000000000000000001111
1111100000000000000000000000000000001111
1111100000000000000000000000000000001111
1111100000000000000000000000000000001111
1111100000000000000000000000000000001111
1111110000000000000010000001111111111111
1111110000000111111111000001111111111111
1111111111111111111111000001111111111111
1111111111111111111111000001111111111111
1111111111111111111111000001111111111111
1111111111111111111111000001111111111111
1111111111111111111111000001111111111111
1111111111111111111111000001111111111111
1111111111111111111111000001111111111111
1111111111111111111111111111111111111111
1111111111111111111111111111111111111111
4