1111111111111111111111111111111111111111
1111111111111111111111111111111111111111
1111111111111111111111111111111111111111
1111111111111111111111111111111111111111
1111111111111111100111111111111111111111
1111111111111111000001111111111111111111
1111111111111111000000111111111111111111
1111111111111100000000111111111111111111
1111111111111000000000111111111111111111
1111111111110000000000111111111111111111
1111111111100000000000111111111111111111
1111111111000000000000111111111111111111
1111111110000000000000111111111111111111
1111111100000001100000111111111111111111
1111111000000011000001111111111111111111
1111110000000111000001111111111111111111
1111100000001111000001111111111111111111
1111000000001111000001111111111111111111
1110000000111111000001111111111111111111
1100000001111111100000111100000011111111
1000000011111111000000000000000011111111
1000000000000000000000000000000011111111
0000000000000000000000000000000001111111
0000000000000000000000000000000011111111
1000000000000000000000000001111111111111
1000000000000000000000111111111111111111
1100000011111111100000111111111111111111
1111111111111111100000111111111111111111
1111111111111111100000111111111111111111
1111111111111111100001111111111111111111
1111111111111111000001111111111111111111
1111111111111111000001111111111111111111
1111111111111111000001111111111111111111
1111111111111111000001111111111111111111
1111111111111111100011111111111111111111
1111111111111111111111111111111111111111
1111111111111111111111111111111111111111
1111111111111111111111111111111111111111
1111111111111111111111111111111111111111
1111111111111111111111111111111111111111
4