1111111111111111111111111111111111111111
1111111111111111111110111111111111111111
1111111111111111111100111111111111111111
1111111111111111111000011111111111111111
1111111111111111110000000111111111111111
1111111111111111110000000001111111111111
1111111111111111100000000001111111111111
1111111111111111000000000001111111111111
1111111111111110000000000001111111111111
1111111111111110000001000001111111111111
1111111111111100000011000001111111111111
1111111111111000000110000001111111111111
1111111111110000000110000011111111111111
1111111111100000001110000011111111111111
1111111111000000011110000011111111111111
1111111111000000111110000011111111111111
1111111110000001111100000011111111111111
1111111100000001111100000111111111111111
1111111100000011111100000111111111111111
1111111000000111111100000111111111111111
1111110000000111111100000111111111111111
1111110000001111111100000111111111111111
1111100000011111111100000111111111111111
1111000000011111111100000111100000011111
1110000000111111111100000000000000011111
1100000001111111100000000000000000011111
1000000011111000000000000000000000011111
1000000111000000000000000000000000011111
0000000000000000000000000000001111111111
0000000000000000000000000111111111111111
0000000000000000001100000111111111111111
0000000000000011111100000111111111111111
1000000000011111111100000111111111111111
1111111111111111111100000111111111111111
1111111111111111111100000111111111111111
1111111111111111111100000111111111111111
1111111111111111111100000111111111111111
1111111111111111111111111111111111111111
1111111111111111111111111111111111111111
1111111111111111111111111111111111111111
4