1111111111111111111111111111111111111111
1111111111111111111111111111111111111111
1111111111111111111111001111111111111111
1111111111111111111110001111111111111111
1111111111111111111100000001111111111111
1111111111111111111000000001111111111111
1111111111111111110000000001111111111111
1111111111111111100000000001111111111111
1111111111111111000000000001111111111111
1111111111111111000000000001111111111111
1111111111111110000000000011111111111111
1111111111111100000000000011111111111111
1111111111111000000010000011111111111111
1111111111110000000110000011111111111111
1111111111100000001110000011111111111111
1111111111000000011110000011111111111111
1111111110000000111110000011111111111111
1111111100000000111110000011111111111111
1111111000000001111110000011111111111111
1111100000000011111110000011111111111111
1111000000001111111110000011111111111111
1110000000011111111110000011111111111111
1000000000111111111110000011111111111111
0000000001111111111110000011111111111111
0000000111111111111110000011111111111111
0000001111111111111110000000000001111111
0000011111111110000000000000000001111111
0000000000000000000000000000000000111111
0000000000000000000000000000000000111111
0000000000000000000000000000000000111111
0000000000000000000000000001111111111111
0000000000000000000110000011111111111111
1111111111111111111110000011111111111111
1111111111111111111110000011111111111111
1111111111111111111110000011111111111111
1111111111111111111110000011111111111111
1111111111111111111110000011111111111111
1111111111111111111111000011111111111111
1111111111111111111111111111111111111111
1111111111111111111111111111111111111111
4