1111111111111111111111111111111111111111
1111111111111111111111111111111111111111
1111111111111110011111111111111111111111
1111111111111100000111111111111111111111
1111111111111000000000000000000111111111
1111111111111000000000000000000000111111
1111111111110000000000000000000000111111
1111111111100000000000000000000000111111
1111111111100000000000000000000000111111
1111111111000000001111111111110000111111
1111111111000001111111111111111111111111
1111111110000001111111111111111111111111
1111111100000011111111111111111111111111
1111111100000011111111111111111111111111
1111111000000010000000111111111111111111
1111111000000000000000001111111111111111
1111110000000000000000000111111111111111
1111110000000000000000000011111111111111
1111100000000000000000000011111111111111
1111110000000001111110000001111111111111
1111110000000111111110000001111111111111
1111111000011111111111000000111111111111
1111111111111111111111100000111111111111
1111111111111111111111100000111111111111
1111111111111111111111100000111111111111
1111111111111111111111100000111111111111
1111111111111111111111100000111111111111
1111111111111111111111100000111111111111
1111111111111111111111100000111111111111
1111111111111111111111000000111111111111
1111100011111111111110000000111111111111
1111000001111111111000000001111111111111
1110000000111111100000000011111111111111
1111000000000000000000000111111111111111
1111100000000000000000001111111111111111
1111110000000000000000011111111111111111
1111111000000000000001111111111111111111
1111111110000000001111111111111111111111
1111111111111111111111111111111111111111
1111111111111111111111111111111111111111
5