1111111111111111111111111111111111111111
1111111111111111111111111111111111111111
1111111111100111111111111100011111111111
1111111111100000000000000000000111111111
1111111111100000000000000000000111111111
1111111111100000000000000000000111111111
1111111111000000000000000000000111111111
1111111111000000000000000000000111111111
1111111111000000011111111111111111111111
1111111111000001111111111111111111111111
1111111111000001111111111111111111111111
1111111111000001111111111111111111111111
1111111111000001111111111111111111111111
1111111111000001100000001111111111111111
1111111111000000000000000000011111111111
1111111110000000000000000000000011111111
1111111110000000000000000000000000111111
1111111110000000000000000000000000011111
1111111110000000001111110000000000001111
1111111110000000111111111110000000001111
1111111111110001111111111111110000000111
1111111111111111111111111111111100000111
1111111111111111111111111111111100000111
1111111111111111111111111111111100000111
1111111111111111111111111111111100000111
1111111111111111111111111111111100000111
1111111111111111111111111111111100000111
1111111111111111111111111111110000000111
1111110001111111111111111111100000000111
1111000000000000111111111100000000001111
1111000000000000000000000000000000011111
1111100000000000000000000000000000111111
1111110000000000000000000000000011111111
1111111110000000000000000000001111111111
1111111111111110000000000001111111111111
1111111111111111111111111111111111111111
1111111111111111111111111111111111111111
1111111111111111111111111111111111111111
1111111111111111111111111111111111111111
1111111111111111111111111111111111111111
5