1111111111111111111111111111111111111111
1111111111111111111111111111111111111111
1111111111111111111111111111111111111111
1111111111111110111111111111111111111111
1111111111111110000011111111111111111111
1111111111111110000011111111111111111111
1111111111111110000011111111111111111111
1111111111111100000000000000000001111111
1111111111111100000000000000000001111111
1111111111111000000100000000000001111111
1111111111111000000100000000000001111111
1111111111111000001100000000000001111111
1111111111110000001111111111111111111111
1111111111110000011111111111111111111111
1111111111110000011100011111111111111111
1111111111100000000000000011111111111111
1111111111100000000000000001111111111111
1111111111100000000000000000011111111111
1111111111000000000000000000001111111111
1111111111100000000011000000000111111111
1111111111100000001111110000000011111111
1111111111110000111111111000000011111111
1111111111111111111111111110000001111111
1111111111111111111111111111000001111111
1111111111111111111111111111000001111111
1111111111111111111111111111000001111111
1111111111111111111111111111000001111111
1111111110111111111111111111000001111111
1111111000111111111111111111000001111111
1111110000011111111111111111000001111111
1111110000001111111111111000000001111111
1111110000000001111111100000000011111111
1111111000000000000000000000000011111111
1111111100000000000000000000000111111111
1111111110000000000000000000011111111111
1111111111000000000000000001111111111111
1111111111111100000000001111111111111111
1111111111111111111111111111111111111111
1111111111111111111111111111111111111111
1111111111111111111111111111111111111111
5