1111111111111111111111111111111111111111
1111111111111111111111111111111111111111
1111111111111111111110001111111111111111
1111111111111111111100001111111111111111
1111111111111111111000001111111111111111
1111111111111111110000001111111111111111
1111111111111111100000001111111111111111
1111111111111110000000011111111111111111
1111111111111110000000111111111111111111
1111111111111100000001111111111111111111
1111111111111000000011111111111111111111
1111111111111000000111111111111111111111
1111111111111000001111111111111111111111
1111111111110000001111111111111111111111
1111111111110000011111111111111111111111
1111111111100000011111111111111111111111
1111111111100000011111111111111111111111
1111111111000000111111111111111111111111
1111111111000000111110011111111111111111
1111111110000001000000000011111111111111
1111111110000010000000000000111111111111
1111111110000011000000000000011111111111
1111111110000011100000000000001111111111
1111111110000011110000000000000111111111
1111111110000011111111111000000011111111
1111111110000011111111111100000011111111
1111111110000011111111111110000011111111
1111111110000111111111111110000011111111
1111111100000111111111111110000011111111
1111111100000111111111111110000011111111
1111111100000111111111111110000011111111
1111111110000011111111111100000011111111
1111111110000011111111111100000011111111
1111111110000001111111111000000111111111
1111111110000001111111110000000111111111
1111111111000000011111100000001111111111
1111111111100000000000000000011111111111
1111111111100000000000000000011111111111
1111111111110000000000000000111111111111
1111111111111000000000000011111111111111
6