1111111111111111111111111111111111111111
1111111111111111111111111111111111111111
1111111111111111111111111111111111111111
1111111111111111111111111111111111111111
1111111111111111111111110111111111111111
1111111111111111111111100011111111111111
1111111111111111111111000001101111111111
1111111111111111111110000000000111111111
1111111111111111111110000000000011111111
1111111111111111111100000000000011111111
1111111111111111111000000010000001111111
1111111111111111111000000111000000111111
1111111111111111110000001111000000111111
1111111111111111110000011111100000011111
1111111111111111100000011111110000001111
1111111111111111100000111111110000001111
1111111111111111100000111111111000001111
1111111111111111000000111111111000000111
1111111111111111000001111111111100000111
1111111111111111000001111111111100000111
1111111111111111000001111111111100000111
1111111111111111000001111111111100000111
1111111111111110000001111111111100000111
1111111111111110000011111111111100000111
1111111111111110000011111111111100000111
1111111111111110000011111111111100000111
1111111111111110000011111111111100000111
1111111111111110000011111111111100000111
1111111111111110000011111111111000000111
1111111111111110000011111111111000001111
1111111111111110000001111111110000001111
1111111111111110000000011100000000001111
1111111111111111000000000000000000011111
1111111111111111100000000000000000111111
1111111111111111110000000000000001111111
1111111111111111111000000000000111111111
1111111111111111111110000000111111111111
1111111111111111111111111111111111111111
1111111111111111111111111111111111111111
1111111111111111111111111111111111111111
0