1111111111111111111111111111111111111111
1111111111111111111110111111111111111111
1111111111111111111100011111111111111111
1111111111111111111000011111111111111111
1111111111111111110000001111111111111111
1111111111111111100000001111111111111111
1111111111111111100000011111111111111111
1111111111111111000000111111111111111111
1111111111111111000000111111111111111111
1111111111111110000001111111111111111111
1111111111111110000001111111111111111111
1111111111111100000011111111111111111111
1111111111111100000011111111111111111111
1111111111111100000111111111111111111111
1111111111111000000111111111111111111111
1111111111111000001110000011111111111111
1111111111111000001110000000111111111111
1111111111110000001110000000011111111111
1111111111110000011110000000011111111111
1111111111110000011110000000001111111111
1111111111110000011111111000000111111111
1111111111100000111111111000000111111111
1111111111100000111111111100000011111111
1111111111100000111111111100000011111111
1111111111100000111111111110000011111111
1111111111000000111111111110000001111111
1111111111000001111111111110000001111111
1111111111000001111111111111000001111111
1111111111000001111111111110000001111111
1111111111000001111111111110000011111111
1111111111000001111111111100000011111111
1111111111000001111111111100000011111111
1111111111000000111111111000000111111111
1111111111100000111111110000000111111111
1111111111100000111111100000001111111111
1111111111100000011111000000011111111111
1111111111110000000000000000111111111111
1111111111110000000000000001111111111111
1111111111111000000000000011111111111111
1111111111111100000000000111111111111111
6