1111111111111111111111111111111111111111

111111111111111111111111111111111111111
1
11111111111111111111111111111111111111
11
1111111111111111111111111111111111111
111
111111111111111111111111111111111111
1111
11111111111111111111111111111111111
11111
1111111111111100000001111111111111
111111
111111110000000000000000111111111
1111111
11111111000000000000000000111111
11111111
1111111000000000000000000001111
111111111
111111100000000000000000000011
1111111111
11111110000000011111000000000
11111111111
1111111111111111111111100000
011111111111
111111111111111111111111000
0001111111111
11111111111111111111111110
00001111111111
1111111111111111111111111
000001111111111
111111111111111111111111
1100000111111111
11111111111111111111111
11100000111111111
1111111111111111111111
111100000111111111
111111111111111111111
1111000000111111111
11111111111111111111
11111000001111111111
1111111111111111111
111110000001111111111
111111111111111111
1111000000011111111111
11111111111111111
11110000000011111111111
1111111111111111
111000000000111111111111
111111111111111
1100000000001111111111111
11111111111111
10000000000011111111111111
1111111111111
000000000000000111111111111
111111111111
1000000000000000000001111111
11111111111
11000000000000000000000000011
1111111111
111100000000000000000000000001
111111111
1111100000000000000000000000001
11111111
11111101111111111110000000000001
1111111
111111111111111111111111100000001
111111
1111111111111111111111111111111011
11111
11111111111111111111111111111111111
1111
111111111111111111111111111111111111
111
1111111111111111111111111111111111111
11
11111111111111111111111111111111111111
1
111111111111111111111111111111111111111
2