1111111111111111111111111111111111111111
1111111111111111111111111111111111111111
1111111111111111111111110011111111111111
1111111111111111111111000011111111111111
1111111111111111111100000011111111111111
1111111111111111110000000011111111111111
1111111111111111100000000011111111111111
1111111111111111000000000111111111111111
1111111111111111000000011111111111111111
1111111111111110000000111111111111111111
1111111111111100000001111111111111111111
1111111111111100000011111111111111111111
1111111111111000000111111111111111111111
1111111111111000000111111111111111111111
1111111111110000001001111111111111111111
1111111111110000011000011111111111111111
1111111111110000011000001111111111111111
1111111111100000011000000111111111111111
1111111111100000110000000011111111111111
1111111111100000111000000001111111111111
1111111111000000111110000000111111111111
1111111111000000111111000000011111111111
1111111111000001111111100000001111111111
1111111110000001111111110000000111111111
1111111110000011111111111000000011111111
1111111110000011111111111100000011111111
1111111110000011111111111110000001111111
1111111110000011111111111111000001111111
1111111110000011111111111111000000111111
1111111110000011111111111111100000111111
1111111110000001111111111111100000111111
1111111110000000111111111111000000111111
1111111111000000011111111110000001111111
1111111111000000000111111100000001111111
1111111111100000000001110000000011111111
1111111111110000000000000000000011111111
1111111111111100000000000000001111111111
1111111111111111000000000000011111111111
1111111111111111100000000000111111111111
1111111111111111111100000011111111111111
6