1111111111111111111111111111111111111111
1111111111111111111111101111111111111111
1111111111111111111111000000111111111111
1111111111111111111111000000011111111111
1111111111111111111001000000001111111111
1111111111111111100001000000000111111111
1111111111111111000001100000000011111111
1111111111111110000001111100000001111111
1111111111111110000001111110000000111111
1111111111111100000001111111000000011111
1111111111111000000011111111100000011111
1111111111111000000111111111100000001111
1111111111111000001111111111110000000111
1111111111110000001111111111111000000111
1111111111110000011111111111111100000011
1111111111100000011111111111111110000011
1111111111100000111111111111111110000011
1111111111100000111111111111111111000001
1111111111100000111111111111111111000001
1111111111000000111111111111111111000001
1111111111000001111111111111111111000001
1111111111000001111111111111111111000001
1111111111000001111111111111111111000001
1111111110000011111111111111111110000001
1111111110000011111111111111111110000001
1111111110000011111111111111111100000011
1111111110000011111111111111111100000011
1111111110000011111111111111111000000111
1111111110000011111111111111110000000111
1111111110000011111111111111110000001111
1111111110000001111111111111100000011111
1111111111000001111111111111000000011111
1111111111000000011111111111000000111111
1111111111000000000001000000000001111111
1111111111100000000000000000000001111111
1111111111110000000000000000000011111111
1111111111111100000000000000000111111111
1111111111111111000000000000011111111111
1111111111111111111100000111111111111111
1111111111111111111111111111111111111111
0