1111111111111111111111111111111111111111
1111111111111111111111111111111111111111
1111111111111111111111100011111111111111
1111111111111111111110000011111111111111
1111111111111111111000000011111111111111
1111111111111111110000000011111111111111
1111111111111111110000000011111111111111
1111111111111111100000001111111111111111
1111111111111111100000011111111111111111
1111111111111111100000111111111111111111
1111111111111111000000111111111111111111
1111111111111111000001111111111111111111
1111111111111110000001111111111111111111
1111111111111110000011111111111111111111
1111111111111100000011111111111111111111
1111111111111100000111111111111111111111
1111111111111100000111111111111111111111
1111111111111000000111111111111111111111
1111111111111000001111111111111111111111
1111111111110000001111111111111111111111
1111111111110000011001111111111111111111
1111111111110000010000111111111111111111
1111111111110000000000011111111111111111
1111111111100000000000011111111111111111
1111111111100000110000001111111111111111
1111111111100000111000000111111111111111
1111111111100000111000000111111111111111
1111111111100000111100000111111111111111
1111111111000000111100000011111111111111
1111111111000001111110000011111111111111
1111111111000001111110000011111111111111
1111111111000001111110000011111111111111
1111111111000001111110000011111111111111
1111111111000001111110000011111111111111
1111111111000001111110000011111111111111
1111111111000001111100000011111111111111
1111111111000001111100000111111111111111
1111111111000000000000000111111111111111
1111111111000000000000000111111111111111
1111111111100000000000001111111111111111
6