1111111111111111111111111111111111111111
1111111111111111111111111111111111111111
1111111111111111111111111111111111111111
1111111111111111111111111111111111111111
1111111111111111111111111111111111111111
1111111111111111111111111111111111111111
1111111111000000000000000000000011111111
1111111111000000000000000000000000111111
1111111111000000000000000000000000011111
1111111111000000000000000000000000011111
1111111111000000000000000000000000011111
1111111111001111111111111111100000011111
1111111111111111111111111111100000011111
1111111111111111111111111111000000111111
1111111111111111111111111111000000111111
1111111111111111111111111110000001111111
1111111111111111111111111110000001111111
1111111111111111111111111100000011111111
1111111111111111111111111000000111111111
1111111111111111111111111000000111111111
1111111111111111111111110000001111111111
1111111111111111111111100000011111111111
1111111111111111111111000000011111111111
1111111111111111111110000000111111111111
1111111111111111111100000001111111111111
1111111111111111111100000011111111111111
1111111111111111111000000111111111111111
1111111111111111110000000111111111111111
1111111111111111100000001111111111111111
1111111111111111100000011111111111111111
1111111111111111000000111111111111111111
1111111111111110000000111111111111111111
1111111111111100000001111111111111111111
1111111111111000000011111111111111111111
1111111111111000000111111111111111111111
1111111111111000001111111111111111111111
1111111111111110001111111111111111111111
1111111111111111111111111111111111111111
1111111111111111111111111111111111111111
1111111111111111111111111111111111111111
7