1111111111111111111111111111111111111111
1111111111111111111111111111111111111111
1111111111111111100000011111111111111111
1111111111111110000000011111111111111111
1111111111111100000000010011111111111111
1111111111111000000000110000111111111111
1111111111111000000000100000011111111111
1111111111110000001111000000001111111111
1111111111110000011111100000001111111111
1111111111110000011111110000000111111111
1111111111100000111111111000000111111111
1111111111100000111111111100000111111111
1111111111100000001111111100000111111111
1111111111100000000011111100000111111111
1111111111110000000000011000000111111111
1111111111111000000000000000001111111111
1111111111111100000000000000001111111111
1111111111111111000000000000001111111111
1111111111111111100000000000000111111111
1111111111111111000000000000000111111111
1111111111111110000000000000000011111111
1111111111111100000000011110000011111111
1111111111111000000001111110000001111111
1111111111111000000111111111000001111111
1111111111111000001111111111000001111111
1111111111110000001111111111000001111111
1111111111110000011111111111000001111111
1111111111110000001111111111000001111111
1111111111111000001111111111000001111111
1111111111111000001111111111000001111111
1111111111111000000111111110000001111111
1111111111111100000111111000000011111111
1111111111111100000000000000000011111111
1111111111111100000000000000000111111111
1111111111111110000000000000001111111111
1111111111111111000000000000111111111111
1111111111111111100000000011111111111111
1111111111111111111111111111111111111111
1111111111111111111111111111111111111111
1111111111111111111111111111111111111111
8