1111111111111111111111111111111111111111
1111111111111111111111111111111111111111
1111111111111111111111111111111111111111
1111111111111111111111111111111111111111
1111111111111111110000000111111111111111
1111111111111111000000000001111111111111
1111111111111110000000000001111111111111
1111111111111100000000000001111111111111
1111111111111000000000000000011111111111
1111111111111000000011110000011111111111
1111111111110000001111110000001111111111
1111111111110000001111110000001111111111
1111111111110000011111111000001111111111
1111111111100000011111110000001111111111
1111111111100000111111110000001111111111
1111111111100000011111100000011111111111
1111111111110000000111100000011111111111
1111111111110000000001000000111111111111
1111111111111000000000000001111111111111
1111111111111100000000000001111111111111
1111111111111111000000000000111111111111
1111111111111111100000000000001111111111
1111111111111111100000000000000111111111
1111111111111111100000000000000011111111
1111111111111111100000110000000001111111
1111111111111111100000111110000001111111
1111111111111111100000111111000000111111
1111111111111111100000111111100000111111
1111111111111111100000111111100000011111
1111111111111111100000111111110000011111
1111111111111111100000111111110000011111
1111111111111111100000111111100000011111
1111111111111111100000011111100000011111
1111111111111111110000001110000000111111
1111111111111111110000000000000000111111
1111111111111111111000000000000001111111
1111111111111111111100000000000011111111
1111111111111111111110000000000111111111
1111111111111111111111000000011111111111
1111111111111111111111111111111111111111
8