1111111111111111111111111111111111111111
1111111111111111111111111111111111111111
1111111111111111000001111111111111111111
1111111111111000000000011111111111111111
1111111111100000000000001111111111111111
1111111111000000000000000111111111111111
1111111111000000000000000011111111111111
1111111110000000011000000011111111111111
1111111110000001111110000011111111111111
1111111110000011111110000011111111111111
1111111110000011111110000011111111111111
1111111110000001111110000011111111111111
1111111110000000111110000011111111111111
1111111110000000000100000011111111111111
1111111111000000000000000011111111111111
1111111111100000000000000111111111111111
1111111111111000000000000011111111111111
1111111111111100000000000001111111111111
1111111111110000000000000000011111111111
1111111111100000000000000000011111111111
1111111111000000000111100000001111111111
1111111110000000011111110000001111111111
1111111110000001111111111000001111111111
1111111110000011111111111000001111111111
1111111110000011111111111100000111111111
1111111110000011111111111100000111111111
1111111110000011111111111100000111111111
1111111110000011111111111000000111111111
1111111110000001111111111000001111111111
1111111111000000011111111000001111111111
1111111111000000001111110000001111111111
1111111111100000000011000000011111111111
1111111111110000000000000000011111111111
1111111111111100000000000000011111111111
1111111111111110000000000000111111111111
1111111111111111100000000011111111111111
1111111111111111111000011111111111111111
1111111111111111111111111111111111111111
1111111111111111111111111111111111111111
1111111111111111111111111111111111111111
8