1111111111111111111111111111111111111111
1111111111111111111000111111111111111111
1111111111111111100000001111111111111111
1111111111111111000000001011111111111111
1111111111111110000000000000111111111111
1111111111111000000000000000011111111111
1111111111110000000010000000011111111111
1111111111110000000111100000001111111111
1111111111100000001111110000001111111111
1111111111100000011111110000001111111111
1111111111100000111111110000011111111111
1111111111000001111111100000011111111111
1111111111000000111111100000011111111111
1111111111100000011111000000111111111111
1111111111100000000110000000111111111111
1111111111100000000000000001111111111111
1111111111110000000000000011111111111111
1111111111111100000000000001111111111111
1111111111111110000000000000111111111111
1111111111111110000000000000011111111111
1111111111111100000000000000001111111111
1111111111111100000011100000001111111111
1111111111111000000111111000001111111111
1111111111111000001111111000000111111111
1111111111111000001111111100000111111111
1111111111111000001111111100000111111111
1111111111110000011111111100000111111111
1111111111110000011111111110000011111111
1111111111110000011111111110000011111111
1111111111111000001111111110000011111111
1111111111111000001111111110000011111111
1111111111111000001111111110000011111111
1111111111111000001111111110000011111111
1111111111111000000111111100000011111111
1111111111111100000000010000000011111111
1111111111111100000000000000000111111111
1111111111111110000000000000000111111111
1111111111111111000000000000001111111111
1111111111111111100000000000111111111111
1111111111111111111111111111111111111111
8