1111111111111111111111111111111111111111
1111111111111111111111111111111111111111
1111111111111111111111111111111111111111
1111111111111111111111111111111111111111
1111111111111111110001111111111111111111
1111111111111110000000001111111111111111
1111111111111100000000001111111111111111
1111111111111000000000000111111111111111
1111111111110000000000000011111111111111
1111111111100000000000000001111111111111
1111111111100000011100000001111111111111
1111111111100000111111000001111111111111
1111111111100000111111000001111111111111
1111111111100000111111000001111111111111
1111111111100000111110000001111111111111
1111111111100000001110000001111111111111
1111111111110000000000000011111111111111
1111111111110000000000000111111111111111
1111111111111000000000000111111111111111
1111111111111110000000000011111111111111
1111111111111110000000000001111111111111
1111111111111100000000000000111111111111
1111111111111000000000000000011111111111
1111111111111000000011000000011111111111
1111111111110000001111110000011111111111
1111111111110000011111110000001111111111
1111111111110000011111111000001111111111
1111111111110000011111111000001111111111
1111111111110000001111111000000111111111
1111111111111000001111111100000111111111
1111111111111000000111111100000111111111
1111111111111100000011111100000111111111
1111111111111100000001111100000111111111
1111111111111110000000000000000111111111
1111111111111111000000000000000111111111
1111111111111111100000000000001111111111
1111111111111111110000000000011111111111
1111111111111111111100000001111111111111
1111111111111111111111111111111111111111
1111111111111111111111111111111111111111
8