1111111111111111111111111111111111111111
1111111111111111111111111111111111111111
1111111111111111111111111111111111111111
1111111111111111111111111111111111111111
1111111111111110000000011111111111111111
1111111111111000000000001111111111111111
1111111111110000000000011111111111111111
1111111111100000000000011111111111111111
1111111111100000000000000111111111111111
1111111111000000111110000011111111111111
1111111111000001111110000011111111111111
1111111110000001111110000001111111111111
1111111110000011111110000001111111111111
1111111110000011111111000001111111111111
1111111110000000111110000001111111111111
1111111110000000001110000011111111111111
1111111111000000000000000011111111111111
1111111111100000000000000111111111111111
1111111111110000000000000111111111111111
1111111111111100000000000111111111111111
1111111111111100000000000001111111111111
1111111111110000000000000000111111111111
1111111111100000000000000000011111111111
1111111111000000000111000000001111111111
1111111110000000011111100000000111111111
1111111110000000111111111000000111111111
1111111110000011111111111100000111111111
1111111110000011111111111100000111111111
1111111110000011111111111100000111111111
1111111110000011111111111100000111111111
1111111110000011111111111100000111111111
1111111110000001111111111100000111111111
1111111111000000000000000000000111111111
1111111111000000000000000000001111111111
1111111111100000000000000000001111111111
1111111111110000000000000000011111111111
1111111111111100000000000001111111111111
1111111111111111111111111111111111111111
1111111111111111111111111111111111111111
1111111111111111111111111111111111111111
8