1111111111111111111111111111111111111111
1111111111111111111111111111111111111111
1111111111111111111111111111111111111111
1111111111111111000000111111111111111111
1111111111111100000000001111111111111111
1111111111100000000000001111111111111111
1111111111000000000000001111111111111111
1111111110000000000000001111111111111111
1111111110000000000000001111111111111111
1111111110000001111000000111111111111111
1111111110000011111100000111111111111111
1111111110000011111100000111111111111111
1111111110000001111100000111111111111111
1111111111000000011000000111111111111111
1111111111000000000000001111111111111111
1111111111100000000000001111111111111111
1111111111110000000000001111111111111111
1111111111111100000000000111111111111111
1111111111111111000000000111111111111111
1111111111111110000000000011111111111111
1111111111111110000000000001111111111111
1111111111111100000010000001111111111111
1111111111111000000011000000111111111111
1111111111111000000111100000111111111111
1111111111110000001111100000011111111111
1111111111110000001111110000011111111111
1111111111110000011111110000011111111111
1111111111100000011111110000011111111111
1111111111100000111111110000011111111111
1111111111100000111111111000011111111111
1111111111100000111111110000011111111111
1111111111100000011111110000011111111111
1111111111110000011111110000011111111111
1111111111110000001111110000011111111111
1111111111110000000111110000011111111111
1111111111111000000001100000011111111111
1111111111111100000000000000011111111111
1111111111111110000000000000111111111111
1111111111111111000000000001111111111111
1111111111111111110000000011111111111111
8