1111111111111111111111111111111111111111
1111111111111111111111111111111111111111
1111111111111111111101111111111111111111
1111111111111111000000111111111111111111
1111111111111100000000111111111111111111
1111111111111000000000111111111111111111
1111111111110000000000001111111111111111
1111111111100000000000000111111111111111
1111111111000000011100000111111111111111
1111111110000000111100000011111111111111
1111111100000001111100000011111111111111
1111111100000011111110000011111111111111
1111111100000111111110000001111111111111
1111111100000111111111000001111111111111
1111111100000001111111000001111111111111
1111111100000000011110000001111111111111
1111111110000000000110000011111111111111
1111111111000000000000000011111111111111
1111111111110000000000000011111111111111
1111111111111000000000000111111111111111
1111111111111110000000000111111111111111
1111111111111111000000000011111111111111
1111111111111110000000000001111111111111
1111111111111100000000000000111111111111
1111111111111100000011000000111111111111
1111111111111000000111100000111111111111
1111111111111000001111100000111111111111
1111111111111000001111100000011111111111
1111111111111000001111110000011111111111
1111111111111000000111110000011111111111
1111111111111100000111110000011111111111
1111111111111100000111110000011111111111
1111111111111100000111110000011111111111
1111111111111100000111100000011111111111
1111111111111100000000000000111111111111
1111111111111110000000000000111111111111
1111111111111110000000000001111111111111
1111111111111111000000000011111111111111
1111111111111111100000001111111111111111
1111111111111111110001111111111111111111
8