1111111111111111111111111111111111111111
1111111111111111111111111111111111111111
1111111111111111111111111111111111111111
1111111111111111111111111111111111111111
1111111111111111000000000110111111111111
1111111111111100000000000000011111111111
1111111111110000000000000000001111111111
1111111111100000000000000000001111111111
1111111111000000000000001000001111111111
1111111110000000011111110000001111111111
1111111110000001111111100000011111111111
1111111110000011111111000000011111111111
1111111100000011111100000000111111111111
1111111110000000011000000000111111111111
1111111110000000000000000001111111111111
1111111111000000000000000011111111111111
1111111111100000000000000000111111111111
1111111111111000000000000000000011111111
1111111111110000000000000000000000001111
1111111111100000000000000000000000000111
1111111111100000001111100000000000000011
1111111111000000111111111110000000000011
1111111111000001111111111111111000000011
1111111111000001111111111111111110000001
1111111111000001111111111111111111000001
1111111111000001111111111111111111000001
1111111111000000111111111111111111000001
1111111111100000111111111111111110000001
1111111111100000111111111111111100000011
1111111111100000011111111111110000000011
1111111111110000000000000100000000000111
1111111111110000000000000000000000001111
1111111111111000000000000000000000011111
1111111111111000000000000000000001111111
1111111111111110000000000000000111111111
1111111111111111111100000001111111111111
1111111111111111111111111111111111111111
1111111111111111111111111111111111111111
1111111111111111111111111111111111111111
1111111111111111111111111111111111111111
8