1111111111111111111111111111111111111111
1111111111111111111111111111111111111111
1111111111111111111111111111111111111111
1111111111111111111000011111111111111111
1111111111111111000000001111111111111111
1111111111111100000000000011111111111111
1111111111110000000000000001111111111111
1111111111100000000000000000111111111111
1111111111000000000010000000011111111111
1111111110000000011111000000001111111111
1111111110000000111111110000001111111111
1111111110000001111111111000000111111111
1111111110000000111111111100000111111111
1111111110000000000111111100000111111111
1111111111000000000000011100000111111111
1111111111100000000000000000000111111111
1111111111111000000000000000001111111111
1111111111111110000000000000001111111111
1111111111111111110000000000000111111111
1111111111111111110000000000000011111111
1111111111111111000000000000000011111111
1111111111111110000000000110000001111111
1111111111111100000000011111000001111111
1111111111111000000001111111000001111111
1111111111111000000011111111000000111111
1111111111111000001111111111100000111111
1111111111111000001111111111100000111111
1111111111111000000111111111100000111111
1111111111111100000011111111100000111111
1111111111111100000000111110000000111111
1111111111111110000000000000000001111111
1111111111111111000000000000000001111111
1111111111111111100000000000000011111111
1111111111111111110000000000001111111111
1111111111111111111100000000111111111111
1111111111111111111111111111111111111111
1111111111111111111111111111111111111111
1111111111111111111111111111111111111111
1111111111111111111111111111111111111111
1111111111111111111111111111111111111111
8