1111111111111111111111111111111111111111
1111111111111111111111111111111111111111
1111111111111111111111111111111111111111
1111111111111111111111111111111111111111
1111111111111111100000000111111111111111
1111111111111110000000000001111111111111
1111111111111000000000000000111111111111
1111111111100000000000000000011111111111
1111111111000000000000000000011111111111
1111111111000000000111110000001111111111
1111111111000000111111111000001111111111
1111111111100001111111111000000111111111
1111111111100111111111111100000111111111
1111111111111111111111111100000111111111
1111111111111111111111111100000111111111
1111111111111111111111111100000111111111
1111111111111111111111111110000111111111
1111111111111111111111111100000111111111
1111111111111111111111111100000111111111
1111111111111111111111111100000111111111
1111111111111111111111111100000111111111
1111111111111111111111111000000111111111
1111111111111111111111110000001111111111
1111111111111111111111000000001111111111
1111111111111111111100000000011111111111
1111111111111111110000000000111111111111
1111111111111111000000000001111111111111
1111111111111000000000000011111111111111
1111111111100000000000001111111111111111
1111111110000000000000111111111111111111
1111111110000000000000000000000000000111
1111111110000000000000000000000000000111
1111111110000000000000000000000000000111
1111111110000000000000000000000000000111
1111111111000000000000000000000000000111
1111111111111111111111111111111111111111
1111111111111111111111111111111111111111
1111111111111111111111111111111111111111
1111111111111111111111111111111111111111
1111111111111111111111111111111111111111
2