1111111111111111111111111111111111111111
1111111111111111111111111111111111111111
1111111111111111111111111111111111111111
1111111111111111111111111111111111111111
1111111111111111111000001111111111111111
1111111111111111111000001111111111111111
1111111111111111110000000001111111111111
1111111111111111110000000001111111111111
1111111111111111100000000001111111111111
1111111111111111100000000001111111111111
1111111111111111100000000001111111111111
1111111111111111000000000001111111111111
1111111111111111000001000001111111111111
1111111111111110000001000001111111111111
1111111111111110000011000001111111111111
1111111111111100000011000001111111111111
1111111111111100000111000001111111111111
1111111111111000000111000001111111111111
1111111111111000001110000011111111111111
1111111111110000001110000011111111111111
1111111111100000001110000011111111111111
1111111111000000011110000011111111111111
1111111110000000111110000011111111111111
1111111100000000111110000011111000000111
1111111100000001110000000000000000000111
1111111000000000000000000000000000000111
1111111000000000000000000000000000000111
1111110000000000000000000000000000000111
1111111000000000000000000000000011111111
1111111100000000000100000011111111111111
1111111100000111111110000011111111111111
1111111111111111111110000011111111111111
1111111111111111111110000011111111111111
1111111111111111111110000011111111111111
1111111111111111111110000011111111111111
1111111111111111111111111111111111111111
1111111111111111111111111111111111111111
1111111111111111111111111111111111111111
1111111111111111111111111111111111111111
1111111111111111111111111111111111111111
4