1111111111111111111111111111111111111111
1111111111111111111111111111111111111111
1111111111111111111111111111111111111111
1111111111111111111111111111111111111111
1111111111111110000000111111111111111111
1111111111110000000000001001111111111111
1111111111100000000000001000011111111111
1111111111000000000000011000000111111111
1111111110000000000000010000000011111111
1111111100000000111110010000000001111111
1111111100000011111111111000000000111111
1111111000000111111111111110000000111111
1111111000000111111111111111100000011111
1111111000001111111111111111110000001111
1111110000001111111111111111110000001111
1111110000011111111111111111111000001111
1111110000011111111111111111111000001111
1111110000011111111111111111111000001111
1111110000011111111111111111111000001111
1111110000011111111111111111111000001111
1111110000011111111111111111111000001111
1111110000011111111111111111110000001111
1111110000011111111111111111110000011111
1111110000001111111111111111110000011111
1111111000001111111111111111100000011111
1111111000001111111111111111100000111111
1111111000000111111111111111000000111111
1111111100000011111111111110000001111111
1111111100000000111111111100000001111111
1111111110000000011111110000000011111111
1111111111000000000111100000000111111111
1111111111100000000000000000001111111111
1111111111110000000000000000011111111111
1111111111111100000000000000111111111111
1111111111111110000000000011111111111111
1111111111111111100000000111111111111111
1111111111111111111111111111111111111111
1111111111111111111111111111111111111111
1111111111111111111111111111111111111111
1111111111111111111111111111111111111111
0