1111111111111111111111111111111111111111
1111111111111111111111111111111111111111
1111111111111111111111111111111111111111
1111111111111110111111111111111111111111
1111111111111110000011111111111111111111
1111111111111100000011111111111111111111
1111111111111100000000011111111111111111
1111111111111000000000011111111111111111
1111111111111000000000011111111111111111
1111111111110000000000011111111111111111
1111111111110000000000011111111111111111
1111111111100000010000011111111111111111
1111111111000000110000011111111111111111
1111111111000000110000011111111111111111
1111111110000001100000111111111111111111
1111111110000001100000111111111111111111
1111111100000011100000111111111111111111
1111111000000111100000111111111111111111
1111111000000111100000111111111111111111
1111110000001111100000111111111111111111
1111100000011111100000111111111111111111
1111000000011111000001111111111111111111
1111000000111111000001111111111111111111
1110000001111111000001111111110001111111
1110000000000000000000000000000001111111
1100000000000000000000000000000001111111
1100000000000000000000000000000001111111
1110000000000000000000000000000001111111
1110000000000000000000000000000111111111
1111000011111110000001111111111111111111
1111111111111110000011111111111111111111
1111111111111110000011111111111111111111
1111111111111110000011111111111111111111
1111111111111110000011111111111111111111
1111111111111111000011111111111111111111
1111111111111111111111111111111111111111
1111111111111111111111111111111111111111
1111111111111111111111111111111111111111
1111111111111111111111111111111111111111
1111111111111111111111111111111111111111
4