1111111111111111111111111111111111111111
1111111111111111111111111111111111111111
1111111111111111111111111111111111111111
1111111111111111111111111111111111111111
1111111111111111111111111111111111111111
1111111111111111111111111111111111111111
1111111110001111111111111111111111111111
1111111110000011111111111111111111111111
1111111100000011111111111111111111111111
1111111100000111111111111111111111111111
1111111100000111111111111111111111111111
1111111100000111111111111111111111111111
1111111100000111111111111111111111111111
1111111000000111111111111111111111111111
1111111000001111111111111111111111111111
1111111000001111111111111111111111111111
1111111000001111111111111111111111111111
1111110000001111111111111111111111111111
1111110000011111111111111111111111111111
1111110000011111111111111111111111111111
1111110000011111111111111111111111111111
1111110000011111111111111111111111111111
1111100000011111111111111111111111111111
1111100000111111111111111111111111111111
1111100000111111111111111111111111111111
1111100000111111111111111111111111111111
1111100000111111111111111111111111111111
1111100000111111111111111111111111111111
1111000001111111111111111111111111111111
1111000001111111111111111111111111111111
1111000001111111111111111111111111111111
1111000001111111111111111111111111111111
1111100001111111111111111111111111111111
1111111011111111111111111111111111111111
1111111111111111111111111111111111111111
1111111111111111111111111111111111111111
1111111111111111111111111111111111111111
1111111111111111111111111111111111111111
1111111111111111111111111111111111111111
1111111111111111111111111111111111111111
1