1111111111111111111111111111111111111111
1111111111111111111111111111111111111111
1111111111111111111100000000000111111111
1111111111111111000000000000000001111111
1111111111000000000000000000000000111111
1111111111000000000000000000000000111111
1111111111000000000000000000000000011111
1111111111000000000001111111100000001111
1111111111000000011111111111110000001111
1111111111001111111111111111111000001111
1111111111111111111111111111111000001111
1111111111111111111111111111111000001111
1111111111111111111111111111111000001111
1111111111111111111111111111110000001111
1111111111111111111111111110000000011111
1111111111111111110000000000000000011111
1111111111111111000000000000000000111111
1111111111111111000000000000000000111111
1111111111111111000000000000000000011111
1111111111111111000000000000000000001111
1111111111111111000000000100000000000111
1111111111111111111111111111110000000111
1111111111111111111111111111111100000111
1111111111111111111111111111111110000011
1111111111111111111111111111111110000011
1111111111111111111111111111111110000011
1111111111111111111111111111111110000011
1111111111111111111111111111111100000011
1111111111000111111111111111111000000011
1111111111000001111111111111000000000111
1111111110000000000000000000000000000111
1111111110000000000000000000000000001111
1111111110000000000000000000000000111111
1111111111110000000000000000000011111111
1111111111111100000000000000011111111111
1111111111111111111111111111111111111111
1111111111111111111111111111111111111111
1111111111111111111111111111111111111111
1111111111111111111111111111111111111111
1111111111111111111111111111111111111111
3