1111111111111111111111111111111111111111
1111111111111111111111111111111111111111
1111111111111111111111111111111111111111
1111111111111111111111111111111111111111
1111111111110000000001111111111111111111
1111111100000000000000111111111111111111
1111110000000000000000011111111111111111
1111100000000000000000011111111111111111
1111000000000000000000001111111111111111
1111100000000111111000001111111111111111
1111110000111111111000001111111111111111
1111110011111111111000001111111111111111
1111111111111111111000001111111111111111
1111111111111111111000001111111111111111
1111111111111111111000001111111111111111
1111111111111111110000011111111111111111
1111111111111111110000011111111111111111
1111111111111111100000011111111111111111
1111111111111111000000111111111111111111
1111111111111110000000111111111111111111
1111111111111000000001111111111111111111
1111111111000000000011111111111111111111
1111111100000000000111111111111111111111
1111110000000000001111111111111111111111
1111000000000000011111111111111111111111
1100000000000001110001111111111111111111
1000000000000000000000000001111111111111
1000000000000000000000000000000011111111
1000000000000000000000000000000011111111
1000000000000000000000000000000011111111
1000000000000000000100000000000011111111
1100000000111111111111111100000011111111
1111111111111111111111111111111111111111
1111111111111111111111111111111111111111
1111111111111111111111111111111111111111
1111111111111111111111111111111111111111
1111111111111111111111111111111111111111
1111111111111111111111111111111111111111
1111111111111111111111111111111111111111
1111111111111111111111111111111111111111
2