1111111111111111111111111111111111111111
1111111111111111111111111111111111111111
1111111111111111111110111111111111111111
1111111111110000000000001111111111111111
1111111111000000000000001111111111111111
1111111110000000000000000111111111111111
1111111100000000000000000111111111111111
1111111100000000000000000011111111111111
1111111000000011111100000011111111111111
1111111000001111111110000001111111111111
1111111000001111111110000001111111111111
1111111100000111111111000001111111111111
1111111100000111111110000001111111111111
1111111100000111111110000001111111111111
1111111100000001111100000011111111111111
1111111100000000011000000111111111111111
1111111110000000000000000111111111111111
1111111110000000000000001111111111111111
1111111111100000000000000111111111111111
1111111111111100000000000011111111111111
1111111111111100000000000001111111111111
1111111111111000000000000001111111111111
1111111111110000000010000000111111111111
1111111111100000001111000000111111111111
1111111111000000011111100000111111111111
1111111110000000111111100000111111111111
1111111100000001111111100000111111111111
1111111100000011111111100000111111111111
1111111000000111111111100000111111111111
1111111000000111111111000000111111111111
1111110000001111111110000001111111111111
1111110000011111111100000001111111111111
1111110000011111111100000011111111111111
1111110000001111111000000111111111111111
1111111000000000000000000111111111111111
1111111000000000000000001111111111111111
1111111100000000000000011111111111111111
1111111110000000000000111111111111111111
1111111111100000000001111111111111111111
1111111111111111111111111111111111111111
8