1111111111111111111111111111111111111111
1111111111111111111111111111111111111111
1111111111111111111000000001111111111111
1111111111111111000000000000001111111111
1111111111111100000000000000000111111111
1111111111111000000000000000000011111111
1111111111110000000000000000000011111111
1111111111100000000011111100000111111111
1111111111000000001111111111001111111111
1111111110000000111111111111101111111111
1111111110000001111111111111111111111111
1111111100000011111111111111111111111111
1111111100000111111111111111111111111111
1111111000000111111111111111111111111111
1111110000001100000001111111111111111111
1111110000000000000000011111111111111111
1111110000000000000000001111111111111111
1111100000000000000000000111111111111111
1111100000000000000000000111111111111111
1111100000000000111100000011111111111111
1111100000000111111100000011111111111111
1111100000011111111110000011111111111111
1111100000111111111110000001111111111111
1111100000111111111111000001111111111111
1111100000111111111111000001111111111111
1111100000111111111111000001111111111111
1111100000111111111111000001111111111111
1111100000111111111111000001111111111111
1111100000111111111111100000111111111111
1111100000111111111111000000111111111111
1111100000111111111111000001111111111111
1111100000011111111110000001111111111111
1111110000001111111000000001111111111111
1111110000000000000000000011111111111111
1111111000000000000000000011111111111111
1111111000000000000000000111111111111111
1111111110000000000000011111111111111111
1111111111000000000001111111111111111111
1111111111111111111111111111111111111111
1111111111111111111111111111111111111111
6