1111111111111111111111111111111111111111
1111111111111111111111111111111111111111
1111111111111111111111111111100111111111
1111111111111111111111111100000111111111
1111111111111111111111111000000110111111
1111111111111111111111110000000010011111
1111111111111111111111100000000000001111
1111111111111111111111000000000000000111
1111111111111111111110000000111000000011
1111111111111111111110000001111100000011
1111111111111111111100000011111110000001
1111111111111111111100000111111111000001
1111111111111111111000000111111111000000
1111111111111111111000001111111111100000
1111111111111111110000001111111111100000
1111111111111111110000011111111111100000
1111111111111111110000011111111111110000
1111111111111111110000011111111111110000
1111111111111111110000011111111111111000
1111111111111111110000011111111111111000
1111111111111111110000011111111111111000
1111111111111111110000011111111111111000
1111111111111111110000011111111111111000
1111111111111111110000001111111111111000
1111111111111111111000001111111111110000
1111111111111111111000000111111111110000
1111111111111111111000000111111111110000
1111111111111111111100000001111111100000
1111111111111111111110000000111111000000
1111111111111111111110000000011000000000
1111111111111111111111000000000000000001
1111111111111111111111100000000000000011
1111111111111111111111110000000000000111
1111111111111111111111111100000000011111
1111111111111111111111111111000001111111
1111111111111111111111111111111111111111
1111111111111111111111111111111111111111
1111111111111111111111111111111111111111
1111111111111111111111111111111111111111
1111111111111111111111111111111111111111
0