1111111111111111111111111111111111111111
1111111111111111111111111111111111111111
1111111111111111111111111111111111111111
1111111111111111111111111111111111111111
1111111111111111111001111111111111111111
1111111111111111110000111111111111111111
1111111111111111000000000011111111111111
1111111111111110000000000011111111111111
1111111111111100000000000011111111111111
1111111111111100000000000011111111111111
1111111111111000000000000111111111111111
1111111111110000000100000111111111111111
1111111111100000001100000111111111111111
1111111111000000011100000111111111111111
1111111110000000111100000111111111111111
1111111110000001111100000111111111111111
1111111100000011111100000111111111111111
1111111000000011111000001111111111111111
1111100000000111111000001111111111111111
1111000000001111111000001111111111111111
1110000000011111111000001111111111111111
1100000000111111111000001111111111111111
1000000001111111111000001111111111111111
0000000011111111111000001111111111111111
0000001111111111110000000000000000001111
0000000000000000000000000000000000000111
0000000000000000000000000000000000000111
0000000000000000000000000000000000000111
0000000000000000000000000000000000000111
0000000000000000000000001111111111111111
1000111111111111110000011111111111111111
1111111111111111110000011111111111111111
1111111111111111110000011111111111111111
1111111111111111110000011111111111111111
1111111111111111110000011111111111111111
1111111111111111100000111111111111111111
1111111111111111100000111111111111111111
1111111111111111100000111111111111111111
1111111111111111100000111111111111111111
1111111111111111111111111111111111111111
4