1111111111111111111111111111111111111111
1111111111111111111111111111111111111111
1111111111111111111111111111111111111111
1111111111111111111111111111111111111111
1111110111110001111111111111111111111111
1111100000010000001111111111111111111111
1111100000110000000111111111111111111111
1111100000110000000001111111111111111111
1111100000110000000000111111111111111111
1111100000111100000000001111111111111111
1111000001111111000000000111111111111111
1111000001111111110000000011111111111111
1111000001111111111000000001111111111111
1111000001111111111100000000111111111111
1111000001111111111111000000011111111111
1111000001111111111111100000001111111111
1111000001111111111111110000000111111111
1111000001111111111111111000000011111111
1111000001111111111111111100000001111111
1111000001111111111111111110000000111111
1111000001111111111111111111000000111111
1111000001111111111111111111100000011111
1111000001111111111111111111110000011111
1111000000111111111111111111110000011111
1111100000111111111111111111110000011111
1111100000011111111111111111110000011111
1111100000011111111111111111100000011111
1111110000000111111111111110000000111111
1111110000000001111111110000000000111111
1111111000000000001111000000000001111111
1111111100000000000000000000000011111111
1111111111000000000000000000000111111111
1111111111100000000000000000111111111111
1111111111111100000000000011111111111111
1111111111111111100000011111111111111111
1111111111111111111111111111111111111111
1111111111111111111111111111111111111111
1111111111111111111111111111111111111111
1111111111111111111111111111111111111111
1111111111111111111111111111111111111111
0