1111111111111111111111111111111111111111
1111111111111111111111111111111111111111
1111111111111111111111111111111111111111
1111111111111111111111111111111111111111
1111111111100000000000111111111111111111
1111111111100000000000000011111111111111
1111111111100000000000000001111111111111
1111111111100000000000000000111111111111
1111111111100000000000000000111111111111
1111111111111111111110000000111111111111
1111111111111111111111100000011111111111
1111111111111111111111110000011111111111
1111111111111111111111110000011111111111
1111111111111111111111110000011111111111
1111111111111111111111000000011111111111
1111111111111111110000000000011111111111
1111111111111100000000000000111111111111
1111111111111100000000000000111111111111
1111111111111100000000000000011111111111
1111111111111100000000000000001111111111
1111111111111100000000000000000111111111
1111111111111110111110000000000111111111
1111111111111111111111111000000011111111
1111111111111111111111111110000001111111
1111111111111111111111111110000001111111
1111111111111111111111111111000001111111
1111111111111111111111111111000001111111
1111111111111111111111111111000001111111
1111111111111111111111111111000001111111
1111111111111111111111111111000001111111
1111111111111111111111111111000001111111
1111111111111011111111111111000001111111
1111111111110001111111111110000001111111
1111111111100000000000111000000001111111
1111111111000000000000000000000011111111
1111111111100000000000000000000111111111
1111111111110000000000000000001111111111
1111111111111100000000000000011111111111
1111111111111111111110000001111111111111
1111111111111111111111111111111111111111
3