1111111111111111111111111111111111111111
1111111111111111111111111111111111111111
1111111111111111111111111111111111111111
1111111111111111111111101111111111111111
1111111111111111111111000111111111111111
1111111111111111111110000011111111111111
1111111111111111111000000000011111111111
1111111111111111110000000000011111111111
1111111111111111100000000000011111111111
1111111111111110000000000000011111111111
1111111111111100000000010000011111111111
1111111111110000000001110000011111111111
1111111111100000000011110000011111111111
1111111110000000000111110000011111111111
1111111100000000011111110000011111111111
1111111000000000111111110000011111111111
1111100000000011111111110000011111111111
1111000000000111111111110000011111111111
1100000000011111111111110000011111111111
1000000000111111111111100000111111111111
1000000011111111111111100000111111111111
0000000111111111111111100000111111111111
0000001111111111111111100000111111111111
0000000000000000011111000000111111111111
0000000000000000000000000000000011111111
0000000000000000000000000000000011111111
0000000000000000000000000000000011111111
0000000000000000000000000000000011111111
1111111111111111100000000000000111111111
1111111111111111111111000001111111111111
1111111111111111111111000001111111111111
1111111111111111111111000001111111111111
1111111111111111111111000001111111111111
1111111111111111111111000001111111111111
1111111111111111111111100000111111111111
1111111111111111111111100000111111111111
1111111111111111111111100001111111111111
1111111111111111111111100111111111111111
1111111111111111111111111111111111111111
1111111111111111111111111111111111111111
4