1111111111111111111111111111111111111111
1111111111111111111111111111111111111111
1111111111111111111111111111111111111111
1111111111111111111111111111111111111111
1111111111111111111111111111111111111111
1111111111111111111111111111111111111111
1111111111111111111111111111111111111111
1111111111111111111111111111111111111111
1111111111111111111100001111111111111111
1111111111111111111000001111111111111111
1111111111111111111000001111111111111111
1111111111111111110000001111111111111111
1111111111111111110000000000011111111111
1111111111111111100000010000011111111111
1111111111111111000000110000011111111111
1111111111111111000000110000011111111111
1111111111111110000001110000011111111111
1111111111111100000011110000011111111111
1111111111111100000011110000011111111111
1111111111111000000111110000011111111111
1111111111110000001111110000011111111111
1111111111100000001111110000011111111111
1111111111000000011111110000011111111111
1111111110000000111111110000011111111111
1111111000000001111111110000000000000111
1111110000000011111000000000000000000111
1111100000000000000000000000000000000111
1111100000000000000000000000000000000111
1111100000000000000000000000000000000111
1111100000000000000000000000011111111111
1111110000000000000011100000011111111111
1111110000000011111111110000011111111111
1111111111111111111111110000011111111111
1111111111111111111111110000011111111111
1111111111111111111111110000011111111111
1111111111111111111111110000011111111111
1111111111111111111111111111111111111111
1111111111111111111111111111111111111111
1111111111111111111111111111111111111111
1111111111111111111111111111111111111111
4