1111111111111111111111111111111111111111
1111111111111111111111111111111111111111
1111111111111111111111111111111111111111
1111111111111111111111111111111111111111
1111111111111111111111111111111111111111
1111111111111111111111111111111111111111
1111111111111111001111111111111111111111
1111111111111111000111111111111111111111
1111111111111110000011111111111111111111
1111111111111100000011111111111111111111
1111111111111100000011111111111111111111
1111111111111000000111111111111111111111
1111111111111000000111111111111111111111
1111111111111000001111111111111111111111
1111111111110000001111111111111111111111
1111111111110000011111111111111111111111
1111111111100000011111111111111111111111
1111111111100000111111111111111111111111
1111111111000000111111111111111111111111
1111111111000001111111111111111111111111
1111111110000001110000000111111111111111
1111111110000010000000000001111111111111
1111111100000000000000000000011111111111
1111111100000000000000000000001111111111
1111111100000000000000000000000111111111
1111111100000000000111110000000011111111
1111111100000000011111111100000011111111
1111111100000000111111111110000011111111
1111111000000001111111111110000011111111
1111111000000001111111111110000011111111
1111111000000111111111111110000011111111
1111111100000111111111111110000011111111
1111111100000111111111111110000011111111
1111111100000011111111111100000011111111
1111111110000001111111110000000011111111
1111111110000000000000000000000111111111
1111111111000000000000000000001111111111
1111111111000000000000000000001111111111
1111111111110000000000000000111111111111
1111111111111100000000000111111111111111
6