1111111111111111111111111111111111111111
1111111111111111111111111111111111111111
1111111111111111111111111111111111111111
1111111111111111111111111111111111111111
1111111111111111111111111111111111111111
1111111111111111111111111111111111111111
1111111111111111111111111111111111111111
1111111111110011111111111111111111111111
1111111111100001111111111111111111111111
1111111111000001110011111111111111111111
1111111110000000100000111111111111111111
1111111110000001100000111111111111111111
1111111100000011100000111111111111111111
1111111000000011100000111111111111111111
1111110000000111100000111111111111111111
1111110000001111100000111111111111111111
1111100000011111100000111111111111111111
1111000000011111100000111111111111111111
1111000000111111100000111111111111111111
1110000001111111000000111111111111111111
1110000011111111000001111111111111111111
1100000011111111000001111111111111111111
1100000111111111000001111111111111111111
1000000111111111000000000000111111111111
1000000000000000000000000000011111111111
1000000000000000000000000000011111111111
1000000000000000000000000000011111111111
1100000000000000000000000000011111111111
1110000000000000000000111111111111111111
1111111111111111000001111111111111111111
1111111111111111000001111111111111111111
1111111111111110000001111111111111111111
1111111111111110000011111111111111111111
1111111111111110000011111111111111111111
1111111111111110000011111111111111111111
1111111111111111100011111111111111111111
1111111111111111111111111111111111111111
1111111111111111111111111111111111111111
1111111111111111111111111111111111111111
1111111111111111111111111111111111111111
4