1111111111111111111111111111111111111111
1111111111111111111111111111111111111111
1111111111111111111111111111111111111111
1111111111111111111111111111111111111111
1111111111111111111111111111111111111111
1111111111111111111111111111111111111111
1111111111111011111111111111111111111111
1111111111111001001111111111111111111111
1111111111110000000111111111111111111111
1111111111100000000011111111111111111111
1111111111000000000001111111111111111111
1111111111000000000000111111111111111111
1111111110000000000000011111111111111111
1111111100000001100000011111111111111111
1111111100000011110000011111111111111111
1111111000000111110000011111111111111111
1111110000001111110000011111111111111111
1111110000001111110000011111111111111111
1111110000011111110000011111111111111111
1111100000011111111000001111111111111111
1111100000111111111000001111111111111111
1111100000111111111000001111111111111111
1111100000111111110000011111111111111111
1111100000111111110000011111111111111111
1111100000111111110000011111111111111111
1111100000111111110000011111111111111111
1111100000111111110000011111111111111111
1111100000111111110000011111111111111111
1111100000111111100000111111111111111111
1111100000111111000000111111111111111111
1111100000111110000000111111111111111111
1111100000001000000001111111111111111111
1111110000000000000011111111111111111111
1111110000000000000111111111111111111111
1111111000000000001111111111111111111111
1111111110000000011111111111111111111111
1111111111100001111111111111111111111111
1111111111111111111111111111111111111111
1111111111111111111111111111111111111111
1111111111111111111111111111111111111111
0