1111111111111111111111111111111111111111
1111111111111111111111111111111111111111
1111111111111111111111111111111111111111
1111111111111111111111111111111111111111
1111111111111111111011111111111111111111
1111111111111111100001111111111111111111
1111111111111110000001001111111111111111
1111111111111000000000000001111111111111
1111111111100000000000000000111111111111
1111111111000000000011000000001111111111
1111111111000000001111000000001111111111
1111111110000000111111100000000111111111
1111111110000001111111111000000111111111
1111111100000011111111111100000111111111
1111111100000111111111111100000111111111
1111111000000111111111111100000111111111
1111111000001111111111111100000111111111
1111111000001111111111111100000111111111
1111111000001111111111111100000111111111
1111111000001111111111111100000111111111
1111111000001111111111111100000111111111
1111111000001111111111111100000111111111
1111111000001111111111111100000111111111
1111111000001111111111111100000111111111
1111111000000111111111111100000111111111
1111111100000011111111111000000111111111
1111111100000011111111111000001111111111
1111111110000001111111111000001111111111
1111111110000000111111110000001111111111
1111111111000000001111000000011111111111
1111111111100000000000000000011111111111
1111111111110000000000000000111111111111
1111111111111000000000000001111111111111
1111111111111110000000000011111111111111
1111111111111111100000011111111111111111
1111111111111111111111111111111111111111
1111111111111111111111111111111111111111
1111111111111111111111111111111111111111
1111111111111111111111111111111111111111
1111111111111111111111111111111111111111
0