1111111111111111111111111111111111111111
1111111111111111111111111111111111111111
1111111111111111111111111111111111111111
1111111111111111111111111111111111111111
1111111111111111110000011111111111111111
1111111111111111110000000001111111111111
1111111111111111100000000001111111111111
1111111111111111000000000001111111111111
1111111111111111000000000011111111111111
1111111111111110000000000011111111111111
1111111111111100000000000011111111111111
1111111111111100000010000011111111111111
1111111111111000000110000011111111111111
1111111111111000001110000011111111111111
1111111111110000001110000011111111111111
1111111111100000011100000111111111111111
1111111111000000011100000111111111111111
1111111111000000111100000111111111111111
1111111110000001111100000111111111111111
1111111100000001111100000111111111111111
1111111100000011111100000111111111111111
1111111000000111111100000111111111111111
1111111000000111111100000111111110111111
1111110000001111100000000000000000011111
1111100000000000000000000000000000011111
1111100000000000000000000000000000011111
1111100000000000000000000000000000011111
1111100000000000000000000000000000111111
1111110000000000010000001111111111111111
1111111001111111111000001111111111111111
1111111111111111111000001111111111111111
1111111111111111111000001111111111111111
1111111111111111111000001111111111111111
1111111111111111111000001111111111111111
1111111111111111111111111111111111111111
1111111111111111111111111111111111111111
1111111111111111111111111111111111111111
1111111111111111111111111111111111111111
1111111111111111111111111111111111111111
1111111111111111111111111111111111111111
4