1111111111111111111111111111111111111111
1111111111111111111111111111111111111111
1111111111111111111111111111111111111111
1111111111111111111111111111111111111111
1111111111111111111111111111011111111111
1111111111111111111100000000011111111111
1111111111111000000000000000000111111111
1111111111110000000000000000000111111111
1111111111100000000000000000000111111111
1111111111110000000000000000000111111111
1111111111110000000011111100000111111111
1111111111110000011111111000000111111111
1111111111110000011111111000001111111111
1111111111110000011111111000001111111111
1111111111110000000001111000001111111111
1111111111111000000000000000001111111111
1111111111111000000000000000000111111111
1111111111111100000000000000000011111111
1111111111111111000000000000000001111111
1111111111111111111100000000000000111111
1111111111111111111111110000000000011111
1111111111111111111111110000000000011111
1111111111111111111111100000110000001111
1111111111111111111111100000110000001111
1111111111111111111111100000111000001111
1111111111111111111111100000111000001111
1111111111111111111111000000111100001111
1111111111111111111111000001111000001111
1111111111111111111111000001111000001111
1111111111111111111111000001111000001111
1111111111111111111110000001110000001111
1111111111111111111110000000000000001111
1111111111111111111110000000000000011111
1111111111111111111100000000000000111111
1111111111111111111111000000000001111111
1111111111111111111111110000000011111111
1111111111111111111111111111111111111111
1111111111111111111111111111111111111111
1111111111111111111111111111111111111111
1111111111111111111111111111111111111111
8