1111111111111111111111111111111111111111
1111111111111111111111111111111111111111
1111111111111111111111111111111111111111
1111111111111111111111111111111111111111
1111111111111111111111111111111111111111
1111111111111111111111111111111111111111
1111111111111111111111111000000111111111
1111111111111111111111000000000011111111
1111111111111111111100000000000001111111
1111111111111111100000000000000000111111
1111111111111111000000000000000000111111
1111111111111111000000000011000000111111
1111111111111111100000001111000000111111
1111111111111111110001111111000000111111
1111111111111111111111111111000000111111
1111111111111111111111111111000000111111
1111111111111111111111111110000000111111
1111111111111111111111111110000000111111
1111111111111111111111111110000001111111
1111111111111111111111111100000001111111
1111111111111111111111111100000011111111
1111111111111111111111111000000011111111
1111111111111111111111110000000111111111
1111111111111111111111110000000111111111
1111111111111111111111100000001111111111
1111111111111111111111000000001111111111
1111111111111111111111000000001111111111
1111111111111111111110000000001111111111
1111111111111111111100000000011111111111
1111111111111111111100000000000001111111
1111111111111111111000000000000000000111
1111111111111111111000000000000000000111
1111111111111111111000000000000000000011
1111111111111111111000000000000000000011
1111111111111111111110000000011100000011
1111111111111111111111111111111111111111
1111111111111111111111111111111111111111
1111111111111111111111111111111111111111
1111111111111111111111111111111111111111
1111111111111111111111111111111111111111
2