1111111111111111111111111111111111111111
1111111111111111111111111111111111111111
1111111111111111111111111111111111111111
1111111111111111111111111111111111111111
1111111111111111111111111111111111111111
1111111111111111111111111111111111111111
1111111111111111111000000000011111111111
1111111111111111100000000000000001111111
1111111111111110000000000000000000011111
1111111111111110000000000000000000001111
1111111111111111000000000000000000001111
1111111111111111000001111111000000000111
1111111111111111101111111111111000000111
1111111111111111111111111111111100000111
1111111111111111111111111111110000000111
1111111111111111111111111111000000001111
1111111111111111111111110000000000001111
1111111111111111100000000000000000011111
1111111111111000000000000000000000011111
1111111111111000000000000000000000001111
1111111111111000000000000000000000000111
1111111111111100000000000000000000000111
1111111111111100000011111110000000000011
1111111111111111111111111111111100000011
1111111111111111111111111111111110000011
1111111111111111111111111111111110000011
1111111111111111111111111111111110000011
1111111111111111111111111111111110000011
1111111111111111111111111111111100000011
1111111111111111111111111111111000000111
1111111111111111111111111111110000000111
1111111111111111111111111111000000001111
1111111111111100001111111110000000011111
1111111111111100000011111000000000111111
1111111111111100000000000000000001111111
1111111111111000000000000000000011111111
1111111111111000000000000000001111111111
1111111111111111000000000000111111111111
1111111111111111111000000011111111111111
1111111111111111111111111111111111111111
3