1111111111111111111111111111111111111111
1111111111111111111111111111111111111111
1111111111111111111111111111111111111111
1111111111111111111111111111111111111111
1111111111111111111111111111111111111111
1111111111111111110011111111111111111111
1111111111111111100000111111111111111111
1111111111111111100000011111111111111111
1111111111111111000000000011111111111111
1111111111111110000000000011111111111111
1111111111111110000000000011111111111111
1111111111111100000010000011111111111111
1111111111111100000010000011111111111111
1111111111111000000110000011111111111111
1111111111111000000100000111111111111111
1111111111110000001100000111111111111111
1111111111110000001100000111111111111111
1111111111100000011100000111111111111111
1111111111000000111100000111111111111111
1111111111000000111100000111111111111111
1111111110000001111000001111111000111111
1111111110000001111000001111000000111111
1111111100000011111000000000000000111111
1111111000000111111000000000000000111111
1111110000000111110000000000000000111111
1111110000001110000000000000000011111111
1111100000000000000000000000011111111111
1111100000000000000000000111111111111111
1111000000000000000000001111111111111111
1111000000000000000000011111111111111111
1111000000000000110000011111111111111111
1111100000000111110000011111111111111111
1111100000111111110000011111111111111111
1111111111111111100000011111111111111111
1111111111111111100000111111111111111111
1111111111111111111100111111111111111111
1111111111111111111111111111111111111111
1111111111111111111111111111111111111111
1111111111111111111111111111111111111111
1111111111111111111111111111111111111111
4