1111111111111111111111111111111111111111
1111111111111111111111111111111111111111
1111111111111111111111111111111111111111
1111111111111111000111111111111111111111
1111111111111111000001111111111111111111
1111111111111111000001111111111111111111
1111111111111110000001111111111111111111
1111111111111110000001110000111111111111
1111111111111100000000000000111111111111
1111111111111100000000000000111111111111
1111111111111100000000000000111111111111
1111111111111100000000000000011111111111
1111111111111000000000001111111111111111
1111111111111000001111111111111111111111
1111111111110000001111111111111111111111
1111111111110000011111111111111111111111
1111111111100000011111111111111111111111
1111111111100000011111111111111111111111
1111111111000000000000011111111111111111
1111111111000000000000000111111111111111
1111111110000000000000000011111111111111
1111111111000000000000000001111111111111
1111111111100000000000000000111111111111
1111111111110000111110000000111111111111
1111111111111111111111100000111111111111
1111111111111111111111100000011111111111
1111111111111111111111110000011111111111
1111111111111111111111110000011111111111
1111111111111111111111110000011111111111
1111111111011111111111110000011111111111
1111111110000111111111100000011111111111
1111111110000011111111000000011111111111
1111111100000000000100000000111111111111
1111111100000000000000000001111111111111
1111111110000000000000000011111111111111
1111111111100000000000000111111111111111
1111111111111000000000011111111111111111
1111111111111111110001111111111111111111
1111111111111111111111111111111111111111
1111111111111111111111111111111111111111
5