1111111111111111111111111111111111111111
1111111111111111111111111111111111111111
1111111111111111111111111111111111111111
1111111111111111111111111111111111111111
1111111111111011000000000000111111111111
1111111111110000000000000000000011111111
1111111111100000000000000000000011111111
1111111111100000000000000000000001111111
1111111111100000000000000000000001111111
1111111111000000000000000000000001111111
1111111111000001111111111110000001111111
1111111111000001111111111110000011111111
1111111111000001111111111110000011111111
1111111111000001111111111100000011111111
1111111111000000000000000000000111111111
1111111111100000000000000000000111111111
1111111111100000000000000000000111111111
1111111111110000000000000000000001111111
1111111111111100000000000000000000111111
1111111111111111111111110000000000111111
1111111111111111111111110000000000011111
1111111111111111111111100000000000011111
1111111111111111111111100000010000011111
1111111111111111111111100000110000001111
1111111111111111111111000000111000001111
1111111111111111111111000001111000001111
1111111111111111111110000001111000001111
1111111111111111111110000001111000001111
1111111111111111111110000011111000001111
1111111111111111111100000011111000001111
1111111111111111111100000111110000001111
1111111111111111111100000011110000011111
1111111111111111111000000000000000011111
1111111111111111111000000000000000011111
1111111111111111111100000000000000111111
1111111111111111111111100000000001111111
1111111111111111111111110000000011111111
1111111111111111111111111111111111111111
1111111111111111111111111111111111111111
1111111111111111111111111111111111111111
8