1111111111111111111111111111111111111111
1111111111111111111111111111111111111111
1111111111111111111111111111111111111111
1111111111111111111111111111111111111111
1111111111111111111111111111111111111111
1111111111111110000011111111111111111111
1111111111100000000000011111111111111111
1111111110000000000000001111111111111111
1111111110000000000000000111111111111111
1111111111000000000000000011111111111111
1111111111000000010000000001111111111111
1111111111000111111100000001111111111111
1111111111111111111111000001111111111111
1111111111111111111111000001111111111111
1111111111111111111100000001111111111111
1111111111111111100000000001111111111111
1111111111111000000000000011111111111111
1111111111000000000000000111111111111111
1111111111000000000000001111111111111111
1111111111000000000000111111111111111111
1111111111100000000000011111111111111111
1111111111100000000000000111111111111111
1111111111111100000000000011111111111111
1111111111111111100000000001111111111111
1111111111111111111000000001111111111111
1111111111111111111110000000111111111111
1111111111111111111111100000011111111111
1111111111111111111111100000011111111111
1111111111111111111111110000001111111111
1111111101111111111111110000001111111111
1111111000011111111111111000001111111111
1111111000001111111111111000001111111111
1111110000000001111111111000001111111111
1111110000000000000111110000001111111111
1111111000000000000000000000001111111111
1111111110000000000000000000001111111111
1111111111000000000000000000011111111111
1111111111111000000000000000111111111111
1111111111111111000000000011111111111111
1111111111111111111111111111111111111111
3