1111111111111111111111111111111111111111
1111111111111111111111111111111111111111
1111111111111111111000001111111111111111
1111111111111110000000000011111111111111
1111111111111000000000000001111111111111
1111111111110000000000000000111111111111
1111111111000000000000000000111111111111
1111111110000000000001000000111111111111
1111111110000000011111100000111111111111
1111111100000000111111000000111111111111
1111111000000011111111000000111111111111
1111111000000111111111000000111111111111
1111111000001111111111000000111111111111
1111111000001111111111000000111111111111
1111111000000111111110000001111111111111
1111111000000000001100000001111111111111
1111111000000000000000000011111111111111
1111111100000000000000000011111111111111
1111111110000000000000000001111111111111
1111111111100000000000000000111111111111
1111111110000000000000000000111111111111
1111111100000000000110000000011111111111
1111111000000000011111100000011111111111
1111110000000001111111110000001111111111
1111110000000111111111110000001111111111
1111100000001111111111111000001111111111
1111000000011111111111111000000111111111
1111000000111111111111111000000111111111
1111000001111111111111100000000111111111
1111000000111111111110000000001111111111
1111000000000000000000000000001111111111
1111000000000000000000000000011111111111
1111100000000000000000000000111111111111
1111110000000000000000000011111111111111
1111111100000000000000011111111111111111
1111111111111100000111111111111111111111
1111111111111111111111111111111111111111
1111111111111111111111111111111111111111
1111111111111111111111111111111111111111
1111111111111111111111111111111111111111
8