1111111111111111111111111111111111111111
1111111111111111111111111111111111111111
1111111111111100011111111111111111111111
1111111111100000000011111111111111111111
1111111110000000000000111111111111111111
1111111000000000000000001111111111111111
1111111000000000000000000011111111111111
1111111100000000000000000001111111111111
1111111100001111110000000000111111111111
1111111100011111111100000000011111111111
1111111111111111111111000000011111111111
1111111111111111111111100000011111111111
1111111111111111111111100000011111111111
1111111111111111111111100000011111111111
1111111111111111111111000000111111111111
1111111111111111111110000000111111111111
1111111111100000000000000001111111111111
1111111111000000000000000011111111111111
1111111111000000000000000001111111111111
1111111111000000000000000000011111111111
1111111111100000000000000000001111111111
1111111111100000000000000000000111111111
1111111111111111111111000000000011111111
1111111111111111111111111000000011111111
1111111111111111111111111100000011111111
1111111111111111111111111110000011111111
1111111111111111111111111100000011111111
1111111111111111111111111100000011111111
1111111111111111111111111100000111111111
1111111111111111111111111100000111111111
1111111111111111111111111000000111111111
1111111111111111111111110000000111111111
1001111111111111111111100000001111111111
1000000111111111111110000000011111111111
1000000000011111111000000000011111111111
1000000000000000000000000000111111111111
0000000000000000000000000011111111111111
1000000000000000000000000111111111111111
1111100000000000000000011111111111111111
1111111110000000000001111111111111111111
3