1111111111111111111111111111111111111111
1111111111111111111111111111111111111111
1111111111111111111111111111111111111111
1111111111111111111111111111111111111111
1111111111111111111110001111111111111111
1111111111111111111000000111111111111111
1111111111111111000000000011111111111111
1111111111111110000000000001111111111111
1111111111111100000000000000111111111111
1111111111111000000000000000111111111111
1111111111110000000000000000011111111111
1111111111100000000111100000011111111111
1111111111100000001111110000011111111111
1111111111000000011111110000011111111111
1111111111000000111111110000011111111111
1111111110000001111111110000011111111111
1111111110000001111111110000011111111111
1111111110000011111111110000011111111111
1111111110000011111111110000011111111111
1111111110000011111111100000011111111111
1111111100000011111111100000011111111111
1111111110000011111111100000111111111111
1111111110000011111111100000111111111111
1111111110000011111111000000111111111111
1111111110000011111111000000111111111111
1111111110000011111110000001111111111111
1111111110000001111110000001111111111111
1111111110000001111110000011111111111111
1111111111000000111100000011111111111111
1111111111000000111000000011111111111111
1111111111100000011000000111111111111111
1111111111100000000000001111111111111111
1111111111110000000000001111111111111111
1111111111110000000000011111111111111111
1111111111111100000000011111111111111111
1111111111111110000001111111111111111111
1111111111111111111111111111111111111111
1111111111111111111111111111111111111111
1111111111111111111111111111111111111111
1111111111111111111111111111111111111111
0