1111111111111111111111111111111111111111
1111111111111111111111111111111111111111
1111111111111111111111000000000111111111
1111111111111111111100000000000001111111
1111111111111111110000000000000000111111
1111111111111111000000000000000000011111
1111111111111100000000000000000000011111
1111111111110000000000001110000000011111
1111111111100000000000111111110000011111
1111111111000000000011111111110000011111
1111111110000000001111111111100000011111
1111111110000000111111111111100000011111
1111111100000011111111111111000000111111
1111111100000011111111111110000000111111
1111111000000111111111111100000001111111
1111111000000011111111111000000011111111
1111111100000001111111110000000111111111
1111111100000000001111100000000111111111
1111111110000000000011000000011111111111
1111111111000000000000000000111111111111
1111111111100000000000000000111111111111
1111111111111000000000000001111111111111
1111111111111111000000000011111111111111
1111111111111111100000000001111111111111
1111111111111111000000000000111111111111
1111111111111110000000000000111111111111
1111111111111100000001100000011111111111
1111111111111000000011100000011111111111
1111111111110000000111110000001111111111
1111111111110000000111110000001111111111
1111111111110000001111111000001111111111
1111111111110000011111111000000111111111
1111111111110000001111111000000111111111
1111111111110000001111111000000111111111
1111111111110000000011110000001111111111
1111111111111000000000100000001111111111
1111111111111100000000000000011111111111
1111111111111110000000000000111111111111
1111111111111111000000000000111111111111
1111111111111111110000000001111111111111
8