1111111111111111111111111111111111111111
1111111111111111111111111111111111111111
1111111111111111111111111111111111111111
1111111111111111111111100001111111111111
1111111111111111111111000000011111111111
1111111111111111111110000000000111111111
1111111111111111111110000000000111111111
1111111111111111111100000000000111111111
1111111111111111111000000000000111111111
1111111111111111111000000000000111111111
1111111111111111110000001000000111111111
1111111111111111110000001000000111111111
1111111111111111100000011000001111111111
1111111111111111000000011000001111111111
1111111111111100000000111000001111111111
1111111111111000000001111000001111111111
1111111111110000000011111000001111111111
1111111111000000000111111000001111001111
1111111110000000001111111000001000001111
1111111000000000011111100000000000001111
1111110000000001100000000000000000001111
1111100000000000000000000000000000001111
1111000000000000000000000000000000001111
1111100000000000000000000000000001111111
1111100000000000000000000000001111111111
1111100000000000000011111000001111111111
1111100000000111111111111000001111111111
1111111111111111111111111000001111111111
1111111111111111111111111000001111111111
1111111111111111111111111000001111111111
1111111111111111111111111000001111111111
1111111111111111111111111000001111111111
1111111111111111111111111000001111111111
1111111111111111111111111000001111111111
1111111111111111111111111000001111111111
1111111111111111111111111000001111111111
1111111111111111111111111000001111111111
1111111111111111111111111111111111111111
1111111111111111111111111111111111111111
1111111111111111111111111111111111111111
4