1111111111111111111111111111111111111111
1111111111111111111111111111111111111111
1111111111111111111111111111111111111111
1111111111111111111111011111111111111111
1111111111111111111110001111111111111111
1111111111111111111110000111111111111111
1111111111111111111100000111111111111111
1111111111111111111000000011111111111111
1111111111111111110000000111111111111111
1111111111111111110000001111111111111111
1111111111111111100000011111111111111111
1111111111111111000000011111111111111111
1111111111111110000000111111111111111111
1111111111111100000001111111111111111111
1111111111111000000011111111111111111111
1111111111110000000111111111111111111111
1111111111110000001111111111111111111111
1111111111100000010000001111111111111111
1111111111100000000000000111111111111111
1111111111000000000000000011111111111111
1111111111000000000000000001111111111111
1111111111000000000000000000111111111111
1111111111000001000001000000111111111111
1111111111000001100111100000111111111111
1111111111000001110111100000111111111111
1111111111000001111111100000111111111111
1111111110000001111111100000111111111111
1111111110000001111111000000111111111111
1111111110000011111110000000111111111111
1111111110000011111110000001111111111111
1111111100000011111100000001111111111111
1111111100000011110000000011111111111111
1111111100000011100000000111111111111111
1111111100000011000000001111111111111111
1111111110000000000000011111111111111111
1111111110000000000000111111111111111111
1111111110000000000001111111111111111111
1111111111000000000111111111111111111111
1111111111100000001111111111111111111111
1111111111111111111111111111111111111111
6