1111111111111111111111111111111111111111
1111111111111111111111111111111111111111
1111111111111111111111111111111111111111
1111111111111111111111111011111111111111
1111111111111111111111100001111111111111
1111111111111111111110000001111111111111
1111111111111111111100000000111111111111
1111111111111111110000000000111111111111
1111111111111111100000000001111111111111
1111111111111111000000000111111111111111
1111111111111100000000001111111111111111
1111111111111000000000111111111111111111
1111111111110000000001111111111111111111
1111111111100000000111111111111111111111
1111111111000000001111111111111111111111
1111111110000000011111111111111111111111
1111111100000000111111111111111111111111
1111110000000001111111111111111111111111
1111100000000000001111111111111111111111
1111000000000000000011111111111111111111
1110000000000000000000111111111111111111
1110000000000000000000011111111111111111
1100000001000000000000001111111111111111
1000000011100011000000000111111111111111
1000000111101111110000000111111111111111
0000001111111111111000000011111111111111
0000001111111111111100000011111111111111
0000011111111111111110000011111111111111
0000011111111111111110000011111111111111
0000011111111111111110000011111111111111
0000011111111111111100000011111111111111
0000011111111111111000000011111111111111
0000001111111111110000000011111111111111
0000001111111110000000000111111111111111
1000000000000000000000001111111111111111
1000000000000000000000011111111111111111
1100000000000000000001111111111111111111
1110000000000000000011111111111111111111
1111000000000000011111111111111111111111
1111111111111111111111111111111111111111
6