1111111111111111111111111111111111111111
1111111111111111111111111111111111111111
1111111111111111111111111111111111111111
1111111111111111111111111111111111111111
1111111111111111111000000111111111111111
1111111111111111110000000001111111111111
1111111111111111000000000000011111111111
1111111111111110000000000000001111111111
1111111111111100000000000000000111111111
1111111111111000000001100000000111111111
1111111111110000000011111000000111111111
1111111111100000001111111100000111111111
1111111111100000011111111100000111111111
1111111111100000011111111100000111111111
1111111111100000000111111100000111111111
1111111111100000000001111000000111111111
1111111111110000000000000000000111111111
1111111111111000000000000000001111111111
1111111111111110000000000000001111111111
1111111111111111100000000000000111111111
1111111111111111111000000000000011111111
1111111111111111111100000000000001111111
1111111111111111111100000000000000111111
1111111111111111111000000010000000111111
1111111111111111110000000111100000011111
1111111111111111100000001111100000011111
1111111111111111000000011111110000011111
1111111111111110000000011111110000011111
1111111111111110000001111111110000011111
1111111111111110000001111111110000011111
1111111111111110000011111111110000011111
1111111111111110000001111111100000011111
1111111111111110000001111111100000011111
1111111111111111000000111110000000111111
1111111111111111000000000000000000111111
1111111111111111100000000000000001111111
1111111111111111110000000000000011111111
1111111111111111111000000000000111111111
1111111111111111111100000000011111111111
1111111111111111111111000011111111111111
8