1111111111111111111111111111111111111111
1111111111111111111000001111111111111111
1111111111111111100000000001111111111111
1111111111111110000000000001111111111111
1111111111111100000000000011111111111111
1111111111111000000000000011111111111111
1111111111110000000000000011111111111111
1111111111110000000110001111111111111111
1111111111100000011110000011111111111111
1111111111000000011100000011111111111111
1111111110000000111100000011111111111111
1111111100000000111000000011111111111111
1111111000000001110000000111111111111111
1111111000000011110000000111111111111111
1111111000000111100000000111111111111111
1111110000000000000000001111111111111111
1111110000000000000000001111111111111111
1111110000000000000000001111111111111111
1111111000000000000000011111111111111111
1111111000000000000000011111111111111111
1111111110000000100000011111111111111111
1111111111111111100000111111111111111111
1111111111111111000000111111111111111111
1111111111111111000000111111111111111111
1111111111111111000001111111111111111111
1111111111111110000001111111111111111111
1111111111111110000011111111111111111111
1111111111111100000011111111111111111111
1111111111111100000011111111111111111111
1111111111111100000111111111111111111111
1111111111111000000111111111111111111111
1111111111111000000111111111111111111111
1111111111111000001111111111111111111111
1111111111111000001111111111111111111111
1111111111111000001111111111111111111111
1111111111111000001111111111111111111111
1111111111111000000111111111111111111111
1111111111111000000111111111111111111111
1111111111111111111111111111111111111111
1111111111111111111111111111111111111111
9