1111111111111111111111111111111111111111
1111111111111111111111111111111111111111
1111111111111111111111111111111111111111
1111111111111111111111111111111111111111
1111111111111111111111111111111111111111
1111111111111111110001111111111111111111
1111111111111111100000111111111111111111
1111111111111111000000011111111111111111
1111111111111100000000011111111111111111
1111111111111000000000111111111111111111
1111111111110000000001111111111111111111
1111111111110000000111111111111111111111
1111111111100000001111111111111111111111
1111111111000000011111111111111111111111
1111111110000000111111111111111111111111
1111111110000001111111111111111111111111
1111111100000001111111111111111111111111
1111111000000011111111111111111111111111
1111110000000111111111111111111111111111
1111100000001111111111111111111111111111
1111000000001111111111111111111111111111
1111000000011111111111111111111111111111
1110000000000001111111111111111111111111
1110000000000000000001111111111111111111
1110000000000000000000011111111111111111
1100000000000000000000000111111111111111
1100000000000000000000000011111111111111
1100000111110000000000000011111111111111
1100000111111111111000000001111111111111
1100000111111111111110000001111111111111
1100000111111111111110000001111111111111
1100000111111111111110000001111111111111
1100000111111111111000000011111111111111
1100000001111111110000000011111111111111
1110000000000100000000000111111111111111
1110000000000000000000001111111111111111
1111000000000000000000011111111111111111
1111100000000000000000111111111111111111
1111111000000000000011111111111111111111
1111111111000000001111111111111111111111
6