1111111111111111111111111111111111111111
1111111111111111111111111111111111111111
1111111111110011111111111111111111111111
1111111111110000111111111111111111111111
1111111111100000011111111111111111111111
1111111111100000011111111111111111111111
1111111111100000111111111111111111111111
1111111111100000111111111111111111111111
1111111111100000111111111111111111111111
1111111111000000111111111111111111111111
1111111111000000111111111111111111111111
1111111111000001111111111111111111111111
1111111111000001111111111111111111111111
1111111110000001111111111111111111111111
1111111110000001111111111111111111111111
1111111110000011111111111111111111111111
1111111110000011111111111111111111111111
1111111100000011111111111111111111111111
1111111100000011111111111111111111111111
1111111100000111111111111111111111111111
1111111100000111111111111111111111111111
1111111000000111111111111111111111111111
1111111000000111111111111111111111111111
1111111000001111111111111111111111111111
1111110000001111111111111111111111111111
1111110000001111111111111111111111111111
1111100000011111111111111111111111111111
1111100000011111111111111111111111111111
1111000000111111111111111111111111111111
1111000000111111111111111111111111111111
1111000001111111111111111111111111111111
1111000001111111111111111111111111111111
1110000001111111111111111111111111111111
1110000001111111111111111111111111111111
1111100011111111111111111111111111111111
1111111011111111111111111111111111111111
1111111111111111111111111111111111111111
1111111111111111111111111111111111111111
1111111111111111111111111111111111111111
1111111111111111111111111111111111111111
1