1111111111111111111111111111111111111111
1111111111111111111111111111111111111111
1111111111111111111100000011111111111111
1111111111111111100000000000011111111111
1111111111111111000000000000000111111111
1111111111111110000000000000000011111111
1111111111111110000000000000000001111111
1111111111111110000000100000000001111111
1111111111111110000011111110000100111111
1111111111111110000011111111000000111111
1111111111111100000011111111100000011111
1111111111111100000011111111000000011111
1111111111111100000111111100000000011111
1111111111111100000111111000000000011111
1111111111111100000111000000000000011111
1111111111111100000000000000000000011111
1111111111111100000000000000000000011111
1111111111111100000000000000100000011111
1111111111111110000000000001100000011111
1111111111111111000000001111100000111111
1111111111111111111111111111100000111111
1111111111111111111111111111100000111111
1111111111111111111111111111100000111111
1111111111111111111111111111100000111111
1111111111111111111111111111100000111111
1111111111111111111111111111000000111111
1111111111111111111111111111000001111111
1111111111111111111111111111000001111111
1111111111111111111111111110000001111111
1111111111111111111111111110000001111111
1111111111111111111111111110000011111111
1111111111111111111111111100000011111111
1111111111111111111111111100000011111111
1111111111111111111111111100000111111111
1111111111111111111111111000000111111111
1111111111111111111111111000000111111111
1111111111111111111111111110001111111111
1111111111111111111111111111111111111111
1111111111111111111111111111111111111111
1111111111111111111111111111111111111111
9