1111111111111111111111111111111111111111
1111111100000000000011111111111111111111
1111000000000000000000011111111111111111
1100000000000000000000000111111111111111
1110000000000000000000000011111111111111
1110000000000000000000000000111111111111
1111000000011111000000000000111111111111
1111001111111111111110000000011111111111
1111111111111111111111100000011111111111
1111111111111111111111110000011111111111
1111111111111111111111110000011111111111
1111111111111111111111100000011111111111
1111111111111111111111100000011111111111
1111111111111111111111100000111111111111
1111111111111111111111000000111111111111
1111111111111111111110000000111111111111
1111111111111111111100000001111111111111
1111111111111111110000000011111111111111
1111111111111111000000000011111111111111
1111111111111100000000000111111111111111
1111111111100000000000001111111111111111
1111111110000000000000111111111111111111
1111111000000000000001111111111111111111
1111100000000000001111111111111111111111
1110000000000000111111111111111111111111
1100000000000111111111111111111111111111
1000000000011111111111111111100000001111
0000000000000000000000000000000000001111
1000000000000000000000000000000000000111
1000000000000000000000000000000000000111
1100000000000000000000000000000000000111
1110000000000000000000000000000000001111
1111111111111111111111111111111111111111
1111111111111111111111111111111111111111
1111111111111111111111111111111111111111
1111111111111111111111111111111111111111
1111111111111111111111111111111111111111
1111111111111111111111111111111111111111
1111111111111111111111111111111111111111
1111111111111111111111111111111111111111
2