1111111111111111111111111111111111111111
1111111111111111111111111111111111111111
1111111111111111111111111111111111111111
1111111111111111111111111111111111111111
1111111111111111111111111111111111111111
1111111111111111111110011101111111111111
1111111111111111111000011100011111111111
1111111111111111100000011100001111111111
1111111111111110000000001100000111111111
1111111111111100000000001000000011111111
1111111111110000000000011000000001111111
1111111111100000000001111100000000111111
1111111111000000000111111110000000011111
1111111110000000001111111111000000001111
1111111110000000111111111111100000000111
1111111100000001111111111111110000000111
1111111000000011111111111111111000000011
1111111000000111111111111111111100000011
1111111000001111111111111111111110000001
1111110000001111111111111111111110000001
1111110000001111111111111111111111000001
1111110000011111111111111111111111000001
1111110000011111111111111111111111000001
1111110000011111111111111111111111000001
1111100000011111111111111111111111000001
1111100000011111111111111111111111000001
1111100000011111111111111111111110000001
1111100000011111111111111111111100000001
1111100000011111111111111111111000000011
1111100000011111111111111111110000000011
1111110000011111111111111111000000000111
1111110000001111111111111100000000001111
1111110000000001111111100000000000011111
1111111000000000000000000000000000111111
1111111000000000000000000000000011111111
1111111110000000000000000000001111111111
1111111111000000000000000000111111111111
1111111111111000000000000111111111111111
1111111111111111111111111111111111111111
1111111111111111111111111111111111111111
0