1111111111111111111111111111111111111111
1111111111111111111111100000000001111111
1111111111111111111100000000000000011111
1111111111111111110000000000000000000111
1111111111111111000000000000000000000011
1111111111111110000000000000000000000001
1111111111111100000000000111110000000000
1111111111111100000000111111111100000000
1111111111111100000001111111111111000000
1111111111111100000000000111111111000000
1111111111111100000000000000111100000001
1111111111111110000000000000001000000001
1111111111111111100000000000000000000011
1111111111111111111000000000000000000111
1111111111111111111111100000000000001111
1111111111111111111111000000000000011111
1111111111111111111100000000000000001111
1111111111111111100000000000000000001111
1111111111111110000000000000111000001111
1111111111111100000000000011111000000111
1111111111111000000000001111111000000111
1111111111110000000000111111111100000111
1111111111110000000011111111111000000111
1111111111100000001111111111111000000111
1111111111100000011111111111111000000111
1111111111100000111111111111111000000111
1111111111100000111111111111111000001111
1111111111100000111111111111110000001111
1111111111100000111111111111110000001111
1111111111100000111111111111100000011111
1111111111100000011111111111000000011111
1111111111100000000111111100000000111111
1111111111110000000000000000000001111111
1111111111110000000000000000000001111111
1111111111111000000000000000000111111111
1111111111111110000000000000001111111111
1111111111111111100000000000111111111111
1111111111111111111111111111111111111111
1111111111111111111111111111111111111111
1111111111111111111111111111111111111111
8