1111111111111111111111111111111111111111
1111111111111111111111111111111111111111
1111111111111111111111111111111111111111
1111111111111111111111111111111111111111
1111111111111111111111111111111111111111
1111111111111111100000011111111111111111
1111111111111111100000011111111111111111
1111111111111111100000011111111111111111
1111111111111111100000001111111111111111
1111111111111111000000001111111111111111
1111111111111110000000011111111111111111
1111111111111110000000011111111111111111
1111111111111100000000011111111111111111
1111111111111000000000011111111111111111
1111111111110000000000011111111111111111
1111111111100000000000011111111111111111
1111111111000000000000011111111111111111
1111111110000000100000011111111111111111
1111111100000000100000011111111111111111
1111110000000001100000011111111111111111
1111100000000011100000011111111111111111
1111000000001111100000011111111111111111
1111000000011111100000010000011111111111
1110000000000000000000000000011111111111
1110000000000000000000000000011111111111
1111000000000000000000000000011111111111
1111000000000000000000000000011111111111
1111100000000000000000000000011111111111
1111111100000001100000011111111111111111
1111111111111111100000011111111111111111
1111111111111111100000011111111111111111
1111111111111111100000011111111111111111
1111111111111111100000111111111111111111
1111111111111111110000111111111111111111
1111111111111111111111111111111111111111
1111111111111111111111111111111111111111
1111111111111111111111111111111111111111
1111111111111111111111111111111111111111
1111111111111111111111111111111111111111
1111111111111111111111111111111111111111
4