1111111111111111111111111111111111111111
1111111111111111111111111111111111111111
1111111111111111110000000111111111111111
1111111111111111000000000011111111111111
1111111111111100000000000001111111111111
1111111111110000000000000001111111111111
1111111111100000000000000001111111111111
1111111111000000000011000001111111111111
1111111111110000001110000001111111111111
1111111111111000111110000001111111111111
1111111111111101111110000011111111111111
1111111111111111111100000011111111111111
1111111111111111111000000111111111111111
1111111111111111110000000111111111111111
1111111111111111100000001111111111111111
1111111111111110000000011111111111111111
1111111111111100000000011111111111111111
1111111111111000000001111111110011111111
1111111111100000000011110000000011111111
1111111110000000000000000000000011111111
1111111100000000000000000000000011111111
1111111000000000000000000000000011111111
1111111000000000000000000000000011111111
1111111000000000000000000001111111111111
1111111100000000000011111111111111111111
1111111100011111111111111111111111111111
1111111111111111111111111111111111111111
1111111111111111111111111111111111111111
1111111111111111111111111111111111111111
1111111111111111111111111111111111111111
1111111111111111111111111111111111111111
1111111111111111111111111111111111111111
1111111111111111111111111111111111111111
1111111111111111111111111111111111111111
1111111111111111111111111111111111111111
1111111111111111111111111111111111111111
1111111111111111111111111111111111111111
1111111111111111111111111111111111111111
1111111111111111111111111111111111111111
1111111111111111111111111111111111111111
2