1111111111111111111111111111111111111111
1111111111111111111111111111111111111111
1111111111111111111111111111111111111111
1111111111111111110000011111111111111111
1111111111111111100000011111111111111111
1111111111111111000000011111111111111111
1111111111111111000000011111111111111111
1111111111111110000000011111111111111111
1111111111111100000000011111111111111111
1111111111111000000000011111111111111111
1111111111110000000000011111111111111111
1111111111110000000000011111111111111111
1111111111100000000000011111111111111111
1111111111000000010000011111111111111111
1111111110000000110000001111111111111111
1111111100000001110000001111111111111111
1111111000000011110000001111111111111111
1111110000000111111000000000000000001111
1111100000001111100000000000000000001111
1111100000000000000000000000000000001111
1111000000000000000000000000000000001111
1111000000000000000000000000000000001111
1111100000000000000000000000011111111111
1111100000000000000000001111111111111111
1111110000000111111000001111111111111111
1111111111111111111000001111111111111111
1111111111111111111000001111111111111111
1111111111111111111000001111111111111111
1111111111111111111000001111111111111111
1111111111111111111000001111111111111111
1111111111111111111000001111111111111111
1111111111111111110000001111111111111111
1111111111111111110000001111111111111111
1111111111111111110000001111111111111111
1111111111111111111111111111111111111111
1111111111111111111111111111111111111111
1111111111111111111111111111111111111111
1111111111111111111111111111111111111111
1111111111111111111111111111111111111111
1111111111111111111111111111111111111111
4