1111111111111111111111111111111111111111
1111111111111111111111111111111111111111
1111111111111111111111111111111111111111
1111111111111111111111111111111111111111
1111111111111111111101111111111111111111
1111111111111111100000011111111111111111
1111111111111111000000000111111111111111
1111111111111110000000000111111111111111
1111111111111100000000000111111111111111
1111111111111000000000000111111111111111
1111111111110000000000001111111111111111
1111111111100000000000001111111111111111
1111111111000000011000001111111111111111
1111111111000000011000000111111111111111
1111111110000000111000000111111111111111
1111111100000001111000000111111111111111
1111111100000011111000000100001111111111
1111111100000011111000000000000111111111
1111111000000111111000000000000111111111
1111111000000110000000000000000111111111
1111110000000000000000000000000111111111
1111110000000000000000000000011111111111
1111111000000000000000000111111111111111
1111111000000000000000000111111111111111
1111111100000000011100000111111111111111
1111111111111111111100000111111111111111
1111111111111111111100000111111111111111
1111111111111111111100000011111111111111
1111111111111111111100000011111111111111
1111111111111111111100000011111111111111
1111111111111111111100000011111111111111
1111111111111111111110000011111111111111
1111111111111111111110000011111111111111
1111111111111111111110000011111111111111
1111111111111111111110000011111111111111
1111111111111111111110000011111111111111
1111111111111111111110000011111111111111
1111111111111111111111111111111111111111
1111111111111111111111111111111111111111
1111111111111111111111111111111111111111
4