1111111111111111111111111111111111111111
1111111111111111111111111111111111111111
1111111111111111111111111111111111111111
1111111111111111111111111111111111111111
1111111111111111111111111111111111111111
1111111111111100111111111111111111111111
1111111111000000000000111111111111111111
1111111110000000000000000111111111111111
1111111000000000000000000001111111111111
1111110000000000000000000000111111111111
1111110000000000000000000000011111111111
1111100000001111111100000000001111111111
1111000000011111111111100000001111111111
1110000000111111111111111000111111111111
1110000001111111111111111011111111111111
1100000001111111111111111111111111111111
1100000011111111111111111111111111111111
1100000111111111111111111111111111111111
1000000000000111111111111111111111111111
1000000000000001111111111111111111111111
1000000000000000111111111111111111111111
1000000000000000111111111111111111111111
1000001000000000011111111111111111111111
1000001111100000011111111111111111111111
1000001111110000001111111111111111111111
1000001111110000001111111111111111111111
1000001111111000000111111111111111111111
1000001111111000000111111111111111111111
1000001111111100000111111111111111111111
1000000111111100000111111111111111111111
1000000111111100000111111111111111111111
1100000011111100000111111111111111111111
1100000000000000000111111111111111111111
1110000000000000000111111111111111111111
1111000000000000000111111111111111111111
1111000000000000001111111111111111111111
1111110000000000011111111111111111111111
1111111111000001111111111111111111111111
1111111111111111111111111111111111111111
1111111111111111111111111111111111111111
6