1111111111111111111111111111111111111111
1111111111111111111111111111111111111111
1111111111111111111111111111111111111111
1111111111111111111111111111111111111111
1111111000001111111111111111111111111111
1111111000000000011111111111111111111111
1111111000000000000011111111111111111111
1111111000000000000001111111111111111111
1111111000000000000000111111111111111111
1111111000000000000000011111111111111111
1111111111111111000000011111111111111111
1111111111111111100000011111111111111111
1111111111111111100000111111111111111111
1111111111111111000000111111111111111111
1111111111111110000000111111111111111111
1111111111111110000001111111111111111111
1111111111111100000011111111111111111111
1111111111111000000011111111111111111111
1111111111110000000111111111111111111111
1111111111100000001111111111111111111111
1111111111000000011111111111111111111111
1111111110000000111111111111111111111111
1111111100000001111111111111111111111111
1111111000000001111111111111111111111111
1111110000000011111111111111111111111111
1111100000000111111111111111111111111111
1111000000001111111111111111111111111111
1100000000011111111111111111111111111111
1000000001111111111111111111111111111000
0000000011111111111100000000000000000000
0000000000000000000000000000000000000000
0000000000000000000000000000000000000000
0000000000000000000000000000000000000000
0000000000000000000000000000000000000011
0000000000000000001111111111111111111111
0000000000111111111111111111111111111111
0001111111111111111111111111111111111111
1111111111111111111111111111111111111111
1111111111111111111111111111111111111111
1111111111111111111111111111111111111111
2