1111111111111111111111111111111111111111
1111111111111111111111111111111111111111
1111111111111111111111111111111111111111
1111111111111111111111111111111111111111
1111111111111000011111111111111111111111
1111111100000000000000001111111111111111
1111110000000000000000000000001111111111
1111100000000000000000000000000011111111
1111100000000000000000000000000001111111
1111110000000000000000000000000000111111
1111111000111111111110000000000000111111
1111111111111111111111111110000000011111
1111111111111111111111111111100000011111
1111111111111111111111111111100000011111
1111111111111111111111111111000000111111
1111111111111111111111111110000000111111
1111111111111111111111111000000000111111
1111111111111111111111000000000001111111
1111111111111111111000000000000011111111
1111111111111110000000000000000000001111
1111111111000000000000000000000000000011
1111100000000000000000000000000000000001
1111100000000000000000000000000000000001
1111100000000000000000000000000000000000
1111100000000000000001111111111111000000
1111100000000111111111111111111111100000
1111100001111111111111111111111111100000
1111111111111111111111111111111111110000
1111111111111111111111111111111111110000
1111111111111111111111111111111111110000
1111111111111111111111111111111111100000
1111111111111111111111111111111111000000
1111111111111111111111111111111100000000
1111111111111110000000000000000000000000
1111111111111110000000000000000000000001
1111111111111110000000000000000000000011
1111111111111110000000000000000000001111
1111111111111110000000000000000000111111
1111111111111110000000000011111111111111
1111111111111111111111111111111111111111
3