1111111111111111111111111111111111111111
1111111111111111111111111111111111111111
1111111111111111111111111111111111111111
1111111101111111111111111111111111111111
1111111000111000000111111111111111111111
1111110000001000000111111111111111111111
1111100000001000000111111111111111111111
1111100000011000000111111111111111111111
1111000000111000000111111111111111111111
1111000000111000000111111111111111111111
1110000001111000000111111111111111111111
1100000001111000001111111111111111111111
1100000011111000001111111111111111111111
1000000011111000001111111111111111111111
1000000111111000001111111111111111111111
0000001111111000001111111111111111111111
0000001111110000000000000000000000011111
0000000000000000000000000000000000011111
0000000000000000000000000000000000011111
0000000000000000000000000000000000011111
0000000000000000000000000000000000011111
0000000000000000000000011111111111111111
1111111111110000011111111111111111111111
1111111111110000011111111111111111111111
1111111111100000011111111111111111111111
1111111111100000011111111111111111111111
1111111111100000011111111111111111111111
1111111111100000011111111111111111111111
1111111111100000011111111111111111111111
1111111111100000011111111111111111111111
1111111111100000011111111111111111111111
1111111111100000011111111111111111111111
1111111111100000011111111111111111111111
1111111111111111111111111111111111111111
1111111111111111111111111111111111111111
1111111111111111111111111111111111111111
1111111111111111111111111111111111111111
1111111111111111111111111111111111111111
1111111111111111111111111111111111111111
1111111111111111111111111111111111111111
4