1111111111111111111111111111111111111111
1111111111111111111111111111111111111111
1111111111111111111111111111111111111111
1111111111111111111111111111111111111111
1111111111111111111111111111111111111111
1111111111111111111111111111111111111111
1111111111111111111111111111111111111111
1111111111111111111100000011111111111111
1111111111111111111000000000001111111111
1111111111111111111000000000001111111111
1111111111111111110000000000001111111111
1111111111111111100000000000001111111111
1111111111111111000000010000001111111111
1111111111111110000000010000001111111111
1111111111111100000000110000001111111111
1111111111111000000001111000001111111111
1111111111111000000011111000001111111111
1111111111110000000111111000001111111111
1111111111100000001111111000001111111111
1111111111000000011111111000001111111111
1111111111000000111111111000001111111111
1111111110000001111111111000001111111100
1111111110000001111111111000001100000000
1111111100000011111111111000000000000000
1111111100000010000000000000000000000000
1111111000000000000000000000000000000000
1111111000000000000000000000000000000000
1111111100000000000000000000000000111111
1111111110000000000000000000001111111111
1111111110000000000111111000001111111111
1111111111111111111111111000001111111111
1111111111111111111111111000001111111111
1111111111111111111111111000001111111111
1111111111111111111111111000001111111111
1111111111111111111111110000001111111111
1111111111111111111111110000001111111111
1111111111111111111111110000001111111111
1111111111111111111111111000001111111111
1111111111111111111111111000001111111111
1111111111111111111111111011111111111111
4