1111111111111111111111111111111111111111
1111111111111111111111111111111111111111
1111111111000111111111111111111111111111
1111111111000000111111111111111111111111
1111111110000001000001111111111111111111
1111111100000001000001111111111111111111
1111111100000011000001111111111111111111
1111111000000011000001111111111111111111
1111110000000111000001111111111111111111
1111110000001110000001111111111111111111
1111100000011110000001111111111111111111
1111100000011110000001111111111111111111
1111000000111110000001111111111111111111
1110000000111110000001111111111111111111
1110000001111110000011111111111111111111
1100000011111110000011111111111111111111
1100000011111110000011111111111111111111
1000000000000000000000000000011111111111
1000000000000000000000000000011111111111
1000000000000000000000000000011111111111
1100000000000000000000000000011111111111
1100000000000000000000000000011111111111
1110000000001100000011111111111111111111
1111111111111100000011111111111111111111
1111111111111100000011111111111111111111
1111111111111100000011111111111111111111
1111111111111100000011111111111111111111
1111111111111100000011111111111111111111
1111111111111100000111111111111111111111
1111111111111100000111111111111111111111
1111111111111100000111111111111111111111
1111111111111100000111111111111111111111
1111111111111000000111111111111111111111
1111111111111000000111111111111111111111
1111111111111000001111111111111111111111
1111111111110000001111111111111111111111
1111111111110000001111111111111111111111
1111111111110000001111111111111111111111
1111111111111111111111111111111111111111
1111111111111111111111111111111111111111
4