1111111111111111111111111111111111111111
1111111111111111111111111111111111111111
1111111111111111111111111111111111111111
1111111111111111111111111111111111111111
1111111111110000011111111111111111111111
1111111111100000011111111110011111111111
1111111111100000011100000000011111111111
1111111111100000100000000000011111111111
1111111111000000000000000000011111111111
1111111110000000000000000000011111111111
1111111110000000000000000000011111111111
1111111100000000000000111111111111111111
1111111100000010000111111111111111111111
1111111000000111111111111111111111111111
1111110000000111111111111111111111111111
1111110000001111111111111111111111111111
1111110000001111111111111111111111111111
1111100000011111111111000000000000000111
1111100000011110000000000000000000000011
1111100000000000000000000000000000000001
1111000000000000000000000000000000000001
1111000000000000000000000000000000000001
1110000000000000000000000111111111000001
1110000000000000001111111111111111000001
1110000000011111111111111111111100000001
1111100011111111111111111111111000000001
1111110111111111111111111111100000000011
1111111111111111111111111100000000000111
1111111111111111111111110000000000001111
1111111111111111111110000000000000011111
1111111111111111100000000000000001111111
1111111111111100000000000000000111111111
1111111111000000000000000000111111111111
1111110000000000000000000011111111111111
1111110000000000000000011111111111111111
1111110000000000000011111111111111111111
1111110000000000111111111111111111111111
1111110000001111111111111111111111111111
1111111111111111111111111111111111111111
1111111111111111111111111111111111111111
5