1111111111111111111111111111111111111111
1111111111111111111111111111111111111111
1111111111111111111111111111111111111111
1111111111111111111111101111111111111111
1111111111111111111111000111111111111111
1111111111111111111110000011111111111111
1111111111111111111110000000111111111111
1111111111111111111100000001111111111111
1111111111111111111000000011111111111111
1111111111111111110000000111111111111111
1111111111111111100000001000001111111111
1111111111111110000000000000001111111111
1111111111111110000000000000000111111111
1111111111111100000000000000000111111111
1111111111111000000000000000000111111111
1111111111110000000100000011111111111111
1111111111100000000110111111111111111111
1111111111000000011111111111111111111111
1111111110000000000000000000000001111111
1111111110000000000000000000000000111111
1111111110000000000000000000000000011111
1111111110000000000000000000000000001111
1111111110000000000000000000000000001111
1111111111000000001111111111111000001111
1111111111111111111111111111111000001111
1111111111111111111111111111110000001111
1111111111111111111111111111110000001111
1111111111111111111111111111100000011111
1111111111111111111111111111000000011111
1111111111111111111111111100000000111111
1111111111111111111111111000000000111111
1111111111111111111111000000000001111111
1111111111111111100000000000000111111111
1111110100000000000000000000001111111111
0000000000000000000000000000011111111111
0000000000000000000000000001111111111111
0000000000000000000000001111111111111111
0000000000000000000011111111111111111111
0000000000001111111111111111111111111111
1111111111111111111111111111111111111111
5