1111111111111111111111111111111111111111
1111111111111111111111111111111111111111
1111111111111111111111111111111111111111
1111111111111111110000000000111111111111
1111111111111100000000000000001111111111
1111111111100000000000000000000111111111
1111111110000000000000000000001111111111
1111111000000000000000000000011111111111
1111110000000000000011111100111111111111
1111100000000000111111111111111111111111
1111000000000111111111111111111111111111
1110000000011111111111111111111111111111
1110000001111111111111111111111111111111
1100000011111111111111111111111111111111
1100000011111111111111111111111111111111
1100000111111111111111111111111111111111
1000000111111111111111111111111111111111
1000000111110011111111111111111111111111
1000001110000000001111111111111111111111
1000001100000000000011111111111111111111
1000001000000000000001111111111111111111
1000001000000000000000111111111111111111
1000000000000000000000011111111111111111
1000000000001111000000001111111111111111
1000000000011111100000000111111111111111
1100000000011111111000000011111111111111
1100000000111111111100000011111111111111
1110000000111111111110000011111111111111
1111000000111111111110000001111111111111
1111000000001111111110000001111111111111
1111100000000011111111000001111111111111
1111110000000000011111000001111111111111
1111111000000000000000000001111111111111
1111111100000000000000000001111111111111
1111111111000000000000000011111111111111
1111111111110000000000000011111111111111
1111111111111110000000001111111111111111
1111111111111111111111111111111111111111
1111111111111111111111111111111111111111
1111111111111111111111111111111111111111
6