1111111111111111111111111111111111111111
1111111111111111111111111111111111111111
1111111111111111111111111101111111111111
1111111111111111111000000000001111111111
1111111111111000000000000000000001111111
1111111111000000000000000000000000111111
1111111100000000000000000000000000011111
1111111000000000000000000000000000011111
1111110000000000000001111100000000001111
1111110000000000111111111111110000001111
1111110000000000001111111111100000001111
1111111000000000000000000100000000001111
1111111100000000000000000000000000011111
1111111110000000000000000000000000011111
1111111111100000000000000000000000011111
1111111111111110000000000000000000001111
1111111111111000000000000000000000000111
1111111111100000000000000110000000000011
1111111110000000000000011111111000000011
1111111000000000000011111111111110000011
1111110000000000011111111111111110000011
1111100000000001111111111111111100000011
1111000000000111111111111111111100000011
1110000000011111111111111111111000000111
1110000000111111111111111111110000000111
1100000011111111111111111111100000001111
1100000011111111111111111111000000011111
1100000111111111111111111100000000111111
1000000111111111111111111100000000111111
1000000111111111111111110000000011111111
1000000111111111111111000000000111111111
1000000001111111111000000000001111111111
1100000000000000000000000000011111111111
1100000000000000000000000000111111111111
1110000000000000000000000011111111111111
1111000000000000000000001111111111111111
1111111000000000000001111111111111111111
1111111111111111111111111111111111111111
1111111111111111111111111111111111111111
1111111111111111111111111111111111111111
8