1111111111111111111111111111111111111111
1111111111111111111111111111111111111111
1111111111111111111111111111111111111111
1111111111111111111111111111111111111111
1111111111111111111111111111111111111111
1111111111111111111111111111111111111111
1111111111111111111111111111111111111111
1111111111111111111111111111111111111111
1111111111111111111111111111111111111111
1111111111111111111111111111111111111111
1111111111100000000000001111111111111111
1111111100000000000000000011111111111111
1111110000000000000000000001111111111111
1111110000000000000000000000111111111111
1111100000000000000000000000111111111111
1111100000000000011111000000111111111111
1111100000011111111111000000111111111111
1111100000000111111110000000111111111111
1111110000000001100000000000111111111111
1111110000000000000000000001111111111111
1111111100000000000000000011111111111111
1111111110000000000000000111111111111111
1111111000000000000000011111111111111111
1111110000000000000000111111111111111111
1111100000000000000000011111111111111111
1111000000000111000000001111111111111111
1110000000001111100000001111111111111111
1100000001111111110000001111111111111111
1100000011111111111000001111111111111111
1100000111111111111000001111111111111111
1100000111111111111000001111111111111111
1100000011111111111000001111111111111111
1100000000111111110000001111111111111111
1110000000000000100000001111111111111111
1110000000000000000000011111111111111111
1111000000000000000000011111111111111111
1111100000000000000000111111111111111111
1111111100000000000001111111111111111111
1111111111100000000111111111111111111111
1111111111111111111111111111111111111111
8