1111111111111111111111111111111111111111
1111111111111111111111111111111111111111
1111111111111111111111111111111111111111
1111111111111100000000111111111111111111
1111111111100000000000000111111111111111
1111111110000000000000000001111111111111
1111111100000000000000000000011111111111
1111111000000000000000000000011111111111
1111111000000001111100000000001111111111
1111111000000111111111100000001111111111
1111111000001111111111111000001111111111
1111111000000111111111100000001111111111
1111111000000011111111000000001111111111
1111111100000001111000000000011111111111
1111111100000000000000000000111111111111
1111111110000000000000000001111111111111
1111111111000000000000000011111111111111
1111111111000000000000000000111111111111
1111111100000000000000000000011111111111
1111111100000000000000000000011111111111
1111111000000000111110000000001111111111
1111111000000011111111110000001111111111
1111110000001111111111111000000111111111
1111110000001111111111111000000111111111
1111110000001111111111111100000111111111
1111110000011111111111111100000111111111
1111110000001111111111111100000111111111
1111110000001111111111111100000111111111
1111110000001111111111111100000111111111
1111111000000111111111111100000111111111
1111111000000011111111111000000111111111
1111111100000000011111000000000111111111
1111111100000000000000000000001111111111
1111111110000000000000000000001111111111
1111111111000000000000000000111111111111
1111111111100000000000000001111111111111
1111111111111100000000000111111111111111
1111111111111111111111111111111111111111
1111111111111111111111111111111111111111
1111111111111111111111111111111111111111
8