1111111111111111111111111111111111111111
1111111111111111111111111111111111111111
1111111111111111111111111111111111111111
1111111111111111111111111000111111111111
1111111111111111111000000000000011111111
1111111111111111100000000000000000111111
1111111111111110000000000000000000011111
1111111111111100000000000000000000001111
1111111111111100000000000000000000001111
1111111111111000000000111111110000001111
1111111111111000000111111111111000001111
1111111111111000000111111111110000001111
1111111111111000000111111111100000001111
1111111111111000000111111111000000011111
1111111111111100000011111100000000111111
1111111111111100000001000000000000111111
1111111111111100000000000000000001111111
1111111111111100000000000000000011111111
1111111111110000000000000000001111111111
1111111111000000000000000000011111111111
1111111100000000000000000000000111111111
1111111000000000000100000000000011111111
1111110000000000111111100000000001111111
1111100000000011111111111100000001111111
1111100000001111111111111110000000111111
1111000000011111111111111111000000111111
1111000000111111111111111111100000111111
1111000001111111111111111111100000111111
1111000001111111111111111111100000111111
1111000001111111111111111111100000111111
1111000001111111111111111111100000111111
1111000000111111111111111111000000111111
1111000000111111111111111111000000111111
1111100000011111111111111111000000111111
1111100000001111111111111110000001111111
1111110000000111111111111100000001111111
1111110000000001111111111000000011111111
1111111000000000000001000000000011111111
1111111100000000000000000000000111111111
1111111111000000000000000000001111111111
8