1111111111111111111111111111111111111111
1111111111111111111111111111111111111111
1111111111111111111111111111111111111111
1111111111111111100011111111111111111111
1111111111111110000000011111111111111111
1111111111110000000000001111111111111111
1111111100000000000000000111111111111111
1111110000000000000000000111111111111111
1111000000000000000000000111111111111111
1111000000000000001100000111111111111111
1110000000000011110000000111111111111111
1110000000111111000000000111111111111111
1110000001111110000000001111111111111111
1110000001111000000000011111111111111111
1111000001100000000000111111111111111111
1111000000000000000011111111111111111111
1111000000000000000111111111111111111111
1111100000000000011111111111111111111111
1111100000000001111111111111111111111111
1111100000000111111111111111111111111111
1111100000000000111111111111111111111111
1111100000000000011111111111111111111111
1111000000000000000111111111111111111111
1111000000000000000011111111111111111111
1110000001100000000001111111111111111111
1110000001111100000000011111111111111111
1110000011111110000000011111111111111111
1110000001111111100000001111111111111111
1110000000111111110000001111111111111111
1111000000001111111000001111111111111111
1111000000000001111000001111111111111111
1111100000000000000000001111111111111111
1111110000000000000000001111111111111111
1111111100000000000000011111111111111111
1111111111000000000000111111111111111111
1111111111110000000001111111111111111111
1111111111111110000111111111111111111111
1111111111111111111111111111111111111111
1111111111111111111111111111111111111111
1111111111111111111111111111111111111111
8