1111111111111111111111111111111111111111
1111111111111111111111111111111111111111
1111111111111111111111111111111111111111
1111111111111111111111111111111111111111
1111111111111111100000000011111111111111
1111111111111110000000000001111111111111
1111111111110000000000000000011111111111
1111111111000000000000000000001111111111
1111111110000000000000000000001111111111
1111111100000000000001100000001111111111
1111111100000000011111110000001111111111
1111111100000011111111100000001111111111
1111111100000111111111000000011111111111
1111111100000001111100000000011111111111
1111111100000000010000000000111111111111
1111111110000000000000000001111111111111
1111111111000000000000000011111111111111
1111111111000000000000000111111111111111
1111111000000000000000000111111111111111
1111100000000000000000000001111111111111
1111000000000000000000000000111111111111
1110000000000001111000000000111111111111
1100000000001111111110000000011111111111
1000000001111111111111100000011111111111
1000000011111111111111110000001111111111
1000001111111111111111110000001111111111
1000001111111111111111110000001111111111
1000000111111111111111110000001111111111
1000000111111111111111110000001111111111
1100000011111111111111110000011111111111
1100000000011111111110000000011111111111
1110000000000000000000000000011111111111
1110000000000000000000000000111111111111
1111100000000000000000000001111111111111
1111110000000000000000000011111111111111
1111111100000000000000001111111111111111
1111111111111111111111111111111111111111
1111111111111111111111111111111111111111
1111111111111111111111111111111111111111
1111111111111111111111111111111111111111
8