1111111111111111111111111111111111111111
1111111111111111111111111111111111111111
1111111111111111111111111111111111111111
1111111111111111111000011111111111111111
1111111111111110000000000111111111111111
1111111111111000000000000011111111111111
1111111111000000000000000001111111111111
1111111110000000000000000001111111111111
1111111000000000000000000001111111111111
1111110000000000001100000001111111111111
1111100000000001111000000011111111111111
1111000000001111110000000111111111111111
1111000000011111000000000111111111111111
1111000000111110000000001111111111111111
1111000000001000000000011111111111111111
1111000000000000000001111111111111111111
1111100000000000000011111111111111111111
1111110000000000000011111111111111111111
1111110000000000000000011111111111111111
1111110000000000000000001111111111111111
1111100000000000000000000111111111111111
1111100000011110000000000011111111111111
1111000000111111110000000011111111111111
1110000000111111111110000001111111111111
1110000001111111111110000001111111111111
1110000011111111111110000001111111111111
1110000011111111111110000001111111111111
1110000011111111111110000001111111111111
1110000011111111110000000011111111111111
1110000000000000000000000011111111111111
1110000000000000000000000111111111111111
1110000000000000000000000111111111111111
1111000000000000000000011111111111111111
1111100000000000000001111111111111111111
1111111111111111111111111111111111111111
1111111111111111111111111111111111111111
1111111111111111111111111111111111111111
1111111111111111111111111111111111111111
1111111111111111111111111111111111111111
1111111111111111111111111111111111111111
8