1111111111111111111111111111111111111111
1111111111111111111111111111111111111111
1111111111111111111111111111111111111111
1111111111111111111111111111111111111111
1111111111111111111111111111111111111111
1111111111111011111111111111111111111111
1111111111000010011111111111111111111111
1111111110000000001111111111111111111111
1111111100000000000111111111111111111111
1111111000000000000011111111111111111111
1111110000000000000001111111111111111111
1111100000001110000001111111111111111111
1111000000011110000001111111111111111111
1110000000111110000001111111111111111111
1110000001111110000001111111111111111111
1110000011111110000001111111111111111111
1100000011111100000011111111111111111111
1100000011111000000011111111111111111111
1100000011110000000111111111111111111111
1100000011100000001111111111111111111111
1110000000000000011111111111111111111111
1110000000000000011111111111111111111111
1111000000000001111111111111111111111111
1111100000000001111111111111111111111111
1111110000000000111111111111111111111111
1111100000000000000111111111111111111111
1111100000000000000011111111111111111111
1111100000000000000001111111111111111111
1111000000110000000001111111111111111111
1111000000111100000000111111111111111111
1111000000111111000000111111111111111111
1111000000011111100000011111111111111111
1111100000000011000000011111111111111111
1111100000000000000000011111111111111111
1111110000000000000000111111111111111111
1111111000000000000000111111111111111111
1111111110000000000001111111111111111111
1111111111110000000111111111111111111111
1111111111111111111111111111111111111111
1111111111111111111111111111111111111111
8