1111111111111111111111111111111111111111
1111111111110000111111111111111111111111
1111111100000000001111111111111111111111
1111110000000000000111111111111111111111
1111100000000000001111111111111111111111
1111100000000000001111111111111111111111
1111000000000000000011111111111111111111
1110000000111110000001111111111111111111
1110000001111100000001111111111111111111
1100000011111000000001111111111111111111
1000000011111000000001111111111111111111
1000000111110000000001111111111111111111
1000001111100000000001111111111111111111
1000000111100000000001111111111111111111
1000000111000000000001111111111111111111
1100000000000000000011111111111111111111
1100000000000000000011111111111111111111
1110000000000010000011111111111111111111
1111000000000110000011111111111111111111
1111100000001100000011111111111111111111
1111111111111100000011111111111111111111
1111111111111100000111111111111111111111
1111111111111000000111111111111111111111
1111111111111000000111111111111111111111
1111111111111000001111111111111111111111
1111111111110000001111111111111111111111
1111111111110000001111111111111111111111
1111111111110000011111111111111111111111
1111111111110000011111111111111111111111
1111111111110000011111111111111111111111
1111111111110000011111111111111111111111
1111111111110000011111111111111111111111
1111111111100000011111111111111111111111
1111111111100000111111111111111111111111
1111111111000000111111111111111111111111
1111111111000000111111111111111111111111
1111111111000001111111111111111111111111
1111111110000001111111111111111111111111
1111111111100001111111111111111111111111
1111111111111111111111111111111111111111
9