1111111111111111111111111111111111111111
1111111111111111111111111111111111111111
1111111111111111111101111111111111111111
1111111111111111111000111111111111111111
1111111111111111111000111111111111111111
1111111111111111110000011111111111111111
1111111111111111110000001111111111111111
1111111111111111110000011111111111111111
1111111111111111100000011111111111111111
1111111111111111100000011111111111111111
1111111111111111100000011111111111111111
1111111111111111100000111111111111111111
1111111111111111000000111111111111111111
1111111111111111000000111111111111111111
1111111111111111000001111111111111111111
1111111111111110000001111111111111111111
1111111111111110000000111111111111111111
1111111111111110000000001111111111111111
1111111111111100000000000011111111111111
1111111111111100000000000001111111111111
1111111111111100000000000000111111111111
1111111111111100000100000000011111111111
1111111111111100000111000000001111111111
1111111111111000000111110000000111111111
1111111111111000000111111000000111111111
1111111111111000001111111100000011111111
1111111111111000001111111100000011111111
1111111111111000000111111100000011111111
1111111111111000000111111100000011111111
1111111111111100000111111100000011111111
1111111111111100000011111000000011111111
1111111111111100000000000000000111111111
1111111111111110000000000000000111111111
1111111111111110000000000000001111111111
1111111111111111100000000000011111111111
1111111111111111110000000000111111111111
1111111111111111111111111111111111111111
1111111111111111111111111111111111111111
1111111111111111111111111111111111111111
1111111111111111111111111111111111111111
6