1111111111111111111111111111111111111111
1111111111111111100111111111111111111111
1111111111111111000111111111111111111111
1111111111111110000111111111111111111111
1111111111111100000111111111111111111111
1111111111111000000111111111111111111111
1111111111100000000111111111111111111111
1111111111000000000111111111111111111111
1111111111000000011111111111111111111111
1111111110000000111111111111111111111111
1111111100000001111111111111111111111111
1111111000000011111111111111111111111111
1111110000000111111111111111111111111111
1111110000001111111111111111111111111111
1111100000001111111111111111111111111111
1111100000011111111111111111111111111111
1111100000111111111111111111111111111111
1111100000111111111111111111111111111111
1111100000111111111111111111111111111111
1111100000111111111111111111111111111111
1111100000111111111111111111111111111111
1111100000111100000111111111111111111111
1111100000010000000001111111111111111111
1111100000011000000000011111111111111111
1111110000011000000000001111111111111111
1111110000011000000000000111111111111111
1111110000001101100000000111111111111111
1111110000001111111000000011111111111111
1111111000000111111100000011111111111111
1111111000000111111110000011111111111111
1111111100000011111110000011111111111111
1111111100000001111110000011111111111111
1111111110000000000000000011111111111111
1111111111000000000000000011111111111111
1111111111000000000000000111111111111111
1111111111100000000000000111111111111111
1111111111111000000000011111111111111111
1111111111111110000001111111111111111111
1111111111111111111111111111111111111111
1111111111111111111111111111111111111111
6