1111111111111111111111111111111111111111
1111111111111111111111111111111111111111
1111111111111111111111111111111111111111
1111111111111111111111111111111111111111
1111111111111111110111100000011111111111
1111111111111111100001100000011111111111
1111111111111111000000000000011111111111
1111111111111111000000100000011111111111
1111111111111110000000100000011111111111
1111111111111100000001100000011111111111
1111111111111100000011100000011111111111
1111111111111000000111100000011111111111
1111111111110000000111100000011111111111
1111111111110000001111100000111111111111
1111111111100000001111100000111111111111
1111111111000000011111100000111111111111
1111111111000000111111000000111111111111
1111111110000000111111000000111111111111
1111111100000001111111000001111111000111
1111111100000011111111000001000000000111
1111111000000011111110000000000000000111
1111111000000111111000000000000000000111
1111110000001110000000000000000000000111
1111100000000000000000000000000000001111
1111100000000000000000000000000111111111
1111100000000000000000000011111111111111
1111100000000000000000000011111111111111
1111100000000000011100000111111111111111
1111110000000111111100000111111111111111
1111111111111111111100000111111111111111
1111111111111111111100000111111111111111
1111111111111111111100000111111111111111
1111111111111111111100000111111111111111
1111111111111111111000000111111111111111
1111111111111111111000000111111111111111
1111111111111111111110000111111111111111
1111111111111111111111111111111111111111
1111111111111111111111111111111111111111
1111111111111111111111111111111111111111
1111111111111111111111111111111111111111
4