1111111111111111111111111111111111111111
1111111111111111111111111111111111111111
1111111111111111111111111111111111111111
1111111111111111110111111111111111111111
1111111111111111100001111111111111111111
1111111111111111100000111111111111111111
1111111111111111000000111111111111111111
1111111111111110000000111111111111111111
1111111111111110000001111111111111111111
1111111111111100000001111111111111111111
1111111111111100000011111111111111111111
1111111111111000000111111111111111111111
1111111111111000000111111111111111111111
1111111111110000001111110000001111111111
1111111111110000001111000000000111111111
1111111111100000011110000000000011111111
1111111111100000011000000000000001111111
1111111111000000110000000000000000111111
1111111111000000100000000011000000111111
1111111111000001100000000111000000111111
1111111110000001000000011111100000011111
1111111110000000000000111111110000011111
1111111110000010000001111111110000011111
1111111110000000000011111111110000011111
1111111110000000000011111111110000011111
1111111110000000000111111111110000011111
1111111110000000000111111111110000011111
1111111110000000000111111111110000011111
1111111110000011111111111111110000011111
1111111110000011111111111111100000011111
1111111110000001111111111111000000011111
1111111110000000111111111000000000111111
1111111111000000001111000000000000111111
1111111111000000000000000000000001111111
1111111111100000000000000000000011111111
1111111111110000000000000000001111111111
1111111111111100000000000001111111111111
1111111111111111000000001111111111111111
1111111111111111111111111111111111111111
1111111111111111111111111111111111111111
6