1111111111111111111111111111111111111111
1111111111111111111111111111111111111111
1111111111111111111111111111111111111111
1111111111111111000000001111111111111111
1111111111100000000000000011111111111111
1111111100000000000000000001111111111111
1111110000000000000000000001111111111111
1111110000000000000000000001111111111111
1111110000000000000110000001111111111111
1111110000000011111110000011111111111111
1111100000111111111100000011111111111111
1111111111111111111100000011111111111111
1111111111111111111100000111111111111111
1111111111111111111000000111111111111111
1111111111111111111000000111111111111111
1111111111111111110000001111111111111111
1111111111111111110000001111111111111111
1111111111111111100000011111111111111111
1111111111111111100000011111111111111111
1111111111111111000000111111111111111111
1111111111111111000000111111111111111111
1111111111111111000001111111111111111111
1111111111111110000001111111111111111111
1111111111111110000001111111111111111111
1111111111111100000011111111111111111111
1111111111111100000011111111111111111111
1111111111111100000111111111111111111111
1111111111111000000111111111111111111111
1111111111111000000111111111111111111111
1111111111111000001111111111111111111111
1111111111110000001111111111111111111111
1111111111110000001111111111111111111111
1111111111110000001111111111111111111111
1111111111110000011111111111111111111111
1111111111110000011111111111111111111111
1111111111111000011111111111111111111111
1111111111111111111111111111111111111111
1111111111111111111111111111111111111111
1111111111111111111111111111111111111111
1111111111111111111111111111111111111111
7