1111111111111111111111111111111111111111
1111111111110000011111111111111111111111
1111111111000000000111111111111111111111
1111111110000000000011111111111111111111
1111111100000000000011111111111111111111
1111111000000000000001111111111111111111
1111110000000010000001111111111111111111
1111110000001111000001111111111111111111
1111100000001111000001111111111111111111
1111100000011110000001111111111111111111
1111100000111110000001111111111111111111
1111100000111100000011111111111111111111
1111100000111000000011111111111111111111
1111100000010000000111111111111111111111
1111100000000000000111111111111111111111
1111110000000000001111111111111111111111
1111110000000000011111111111111111111111
1111111000000000000111111111111111111111
1111111000000000000000111111111111111111
1111110000000000000000011111111111111111
1111100000000000000000000111111111111111
1111000000001000000000000011111111111111
1110000000011111100000000011111111111111
1110000000111111111100000001111111111111
1100000001111111111110000001111111111111
1100000011111111111111000001111111111111
1000000111111111111111000001111111111111
1000000111111111111111000001111111111111
1000001111111111111111000001111111111111
1000001111111111111100000001111111111111
1000000111111111111000000001111111111111
1000000111111111000000000011111111111111
1100000000000000000000000111111111111111
1100000000000000000000001111111111111111
1110000000000000000000011111111111111111
1110000000000000000001111111111111111111
1111100000000000001111111111111111111111
1111111111111111111111111111111111111111
1111111111111111111111111111111111111111
1111111111111111111111111111111111111111
8