1111111111111111111111111111111111111111
1111111111111111111111111111111111111111
1111111111111111111111111111111101111111
1111111111111111111111111111111100000011
1111111111111111111111111111111000000111
1111111111111111111111111111111000000111
1111111111111111111111111111110000000111
1111111111111111111111111111100000000111
1111111111111111111111111111000000001111
1111111111111111111111111110000000001111
1111111111111111111111111100000000001111
1111111111111111111111110000000000001111
1111111111111111111111100000000000011111
1111111111111111111111000000000000011111
1111111111111111111100000000010000011111
1111111111111111111000000000110000011111
1111111111111111100000000001100000011111
1111111111111111000000000011100000011111
1111111111111110000000001111100000111111
1111111111111100000000111111000000111111
1111111111110000000001111111000000111111
1111111111000000000011111111000000111111
1111111100000000000111111111000001111111
1111111000000000000000000000000000001111
1111111000000000000000000000000000001111
1111111000000000000000000000000000001111
1111111100000000000000000000000000001111
1111111100000000000000000000000000001111
1111111100000000000001111110000011111111
1111111111111111111111111110000011111111
1111111111111111111111111100000011111111
1111111111111111111111111100000011111111
1111111111111111111111111100000011111111
1111111111111111111111111100000011111111
1111111111111111111111111100000011111111
1111111111111111111111111100000011111111
1111111111111111111111111110000111111111
1111111111111111111111111111110111111111
1111111111111111111111111111111111111111
1111111111111111111111111111111111111111
4