1111111111111111111111111111111111111111
1111111111111111111111111111110011111111
1111111111111111111111111100000000001111
1111111111111111111111000000000000000011
1111111111111111111110000000000000000011
1111111111111111111100000000000000000011
1111111111111111111100000000000000000011
1111111111111111111000000000111100000011
1111111111111111111000000111111100000111
1111111111111111111000000111111100000111
1111111111111111110000001111111100000111
1111111111111111110000001111111100000111
1111111111111111110000001111111100000111
1111111111111111111000000111111100000111
1111111111111111111000000011111100000111
1111111111111111111100000000010100000111
1111111111111111111100000000000000000111
1111111111111111111110000000000000000111
1111111111111111111111100000000000000111
1111111111111111111111110000000000000111
1111111111111111111111111110000000000111
1111111111111111111111111111111000000111
1111111111111111111111111111111000001111
1111111111111111111111111111111000001111
1111111111111111111111111111110000001111
1111111111111111111111111111110000001111
1111111111111111111111111111110000011111
1111111111111111111111111111110000011111
1111111111111111111111111111100000011111
1111111111111111111111111111100000011111
1111111111111111111111111111100000111111
1111111111111111111111111111100000111111
1111111111111111111111111111100000111111
1111111111111111111111111111000000111111
1111111111111111111111111111000000111111
1111111111111111111111111111000000111111
1111111111111111111111111111110001111111
1111111111111111111111111111111111111111
1111111111111111111111111111111111111111
1111111111111111111111111111111111111111
9