1111111111111111111111111111111111111111
1111111111111111111111101111111111111111
1111111111111111111111001111111111111111
1111111111111111111110000111111111111111
1111111111111111111100000111111111111111
1111111111111111111000000111111111111111
1111111111111111110000000111111111111111
1111111111111111100000001111111111111111
1111111111111111100000011111111111111111
1111111111111111000000011111111111111111
1111111111111110000000111111111111111111
1111111111111110000001111111111111111111
1111111111111100000001111111111111111111
1111111111111100000011111111111111111111
1111111111111000000111111111111111111111
1111111111111000000111000001111111111111
1111111111110000001100000000011111111111
1111111111110000001000000000001111111111
1111111111110000000000000000000111111111
1111111111100000010000000000000011111111
1111111111100000010000011000000011111111
1111111111100000111000011110000011111111
1111111111100000111001111110000011111111
1111111111100000111111111110000011111111
1111111111000000111111111110000011111111
1111111111000000111111111100000011111111
1111111111000000111111111100000011111111
1111111111000000111111111000000111111111
1111111111000000001000000000000111111111
1111111111100000000000000000001111111111
1111111111100000000000000000001111111111
1111111111110000000000000000011111111111
1111111111111100000000000001111111111111
1111111111111111000000000111111111111111
1111111111111111111111111111111111111111
1111111111111111111111111111111111111111
1111111111111111111111111111111111111111
1111111111111111111111111111111111111111
1111111111111111111111111111111111111111
1111111111111111111111111111111111111111
6