1111111111111111111111111111111111111111
1111111111111111111111111111111111111111
1111111111111111111111111111111111111111
1111111111111111100000000001111111111111
1111111111111110000000000000111111111111
1111111111111100000000000000111111111111
1111111111110000000000000011111111111111
1111111111100000000000000011111111111111
1111111111000000000100000011111111111111
1111111110000000011100000011111111111111
1111111100000000111100000011111111111111
1111111100000011111000000011111111111111
1111111100000111111000000011111111111111
1111111000000111100000000011111111111111
1111111000000000000000000011111111111111
1111111100000000000000000011111111111111
1111111100000000000000000111111111111111
1111111100000000000000000111111111111111
1111111111000000000100000111111111111111
1111111111111111111100000111111111111111
1111111111111111111000000111111111111111
1111111111111111111000000111111111111111
1111111111111111111000000111111111111111
1111111111111111111000000111111111111111
1111111111111111111000000111111111111111
1111111111111111111000000111111111111111
1111111111111111111000000111111111111111
1111111111111111111000001111111111111111
1111111111111111111000001111111111111111
1111111111111111111000001111111111111111
1111111111111111111000001111111111111111
1111111111111111111000001111111111111111
1111111111111111111000001111111111111111
1111111111111111111000001111111111111111
1111111111111111110000001111111111111111
1111111111111111110000001111111111111111
1111111111111111111000011111111111111111
1111111111111111111111111111111111111111
1111111111111111111111111111111111111111
1111111111111111111111111111111111111111
9