1111111111111111111111111111111111111111
1111111111111111111111111111111111111111
1111111111111111111111111111111111111111
1111111111111111111111111111111111111111
1111111111111111111111111111111111111111
1111111111111111110000000011111111111111
1111111111111110000000000001111111111111
1111111111111100000000000011111111111111
1111111111111100000000000000111111111111
1111111111111000000000000000000111111111
1111111111111000000111100000000011111111
1111111111111000001111100000000000111111
1111111111111000000111000000000000111111
1111111111111000000001111100000000011111
1111111111111100000000111111100000011111
1111111111111110000000000111100000011111
1111111111111110000000000011000000011111
1111111111111111100000000000000000111111
1111111111111111111000000000000000111111
1111111111111111111100000000000001111111
1111111111111111111111100000000011111111
1111111111111111111111000000000011111111
1111111111111111111110000000000001111111
1111111111111111111000000000000000111111
1111111111111111110000000001000000111111
1111111111111111100000000111100000011111
1111111111111111100000001111100000011111
1111111111111111000000011111110000011111
1111111111111111000000111111110000011111
1111111111111111000001111111100000011111
1111111111111110000001111111000000011111
1111111111111110000001111110000000111111
1111111111111111000001111100000000111111
1111111111111111000000111000000001111111
1111111111111111000000000000000011111111
1111111111111111000000000000000111111111
1111111111111111100000000000001111111111
1111111111111111110000000000011111111111
1111111111111111111100000001111111111111
1111111111111111111111111111111111111111
8