1111111111111111111111111111111111111111
1111111111111111111111111111111111111111
1111111111111111111111111111111111111111
1111111111111111111111111111111111111111
1111111111111111111111111111111111111111
1111111111111111111111111111111111111111
1111111111111111111111111111111111111111
1111111111111111111111111111111111111111
1111111111111111111111111111111111111111
1111111111111100111111111111111111111111
1111111111111100000000000001111111111111
1111111111111000000000000001111111111111
1111111111111000000000000001111111111111
1111111111110000000000000000111111111111
1111111111110000000000000000111111111111
1111111111110000000001111111111111111111
1111111111110000000111111111111111111111
1111111111100000011111111111111111111111
1111111111100000011111111111111111111111
1111111111100000111111111111111111111111
1111111111000000111111111111111111111111
1111111111000000100000111111111111111111
1111111111000000000000001111111111111111
1111111110000000000000000011111111111111
1111111110000000000000000011111111111111
1111111110000000000000000001111111111111
1111111100000000000100000000111111111111
1111111110000000111111000000111111111111
1111111111000011111111100000111111111111
1111111111100111111111100000111111111111
1111111111111111111111000000111111111111
1111111111101111111110000000111111111111
1111111111100011111000000001111111111111
1111111111000000000000000001111111111111
1111111111000000000000000011111111111111
1111111110000000000000000111111111111111
1111111111000000000000001111111111111111
1111111111111000000001111111111111111111
1111111111111111111111111111111111111111
1111111111111111111111111111111111111111
5