1111111111111111111111111111111111111111
1111111111111111111111111111111111111111
1111111111111111111111111111111111111111
1111111111111111111111111111111111111111
1111111111111111111111100011111111111111
1111111111111111111110000011111111111111
1111111111100001110000000001111111111111
1111111111100000000000000001111111111111
1111111111100000000000000001111111111111
1111111111100000000000000011111111111111
1111111111000000000000111111111111111111
1111111111000000000011111111111111111111
1111111111000001001111111111111111111111
1111111111000001111111111111111111111111
1111111110000001111111111111111111111111
1111111110000001111111111111111111111111
1111111110000011111111111111111111111111
1111111100000011100001111111111111111111
1111111100000000000000011111111111111111
1111111100000000000000001111111111111111
1111111100000000000000000111111111111111
1111111100000000000000000011111111111111
1111111000000000000000000001111111111111
1111111100000000111110000001111111111111
1111111100000001111111000001111111111111
1111111110000111111111000001111111111111
1111111111111111111111000001111111111111
1111111111111111111111000001111111111111
1111111111111111111110000001111111111111
1111111111111111111110000001111111111111
1111111111111111111000000011111111111111
1111111111000011100000000011111111111111
1111111110000000000000000111111111111111
1111111110000000000000001111111111111111
1111111110000000000000011111111111111111
1111111100000000000000111111111111111111
1111111111100000000111111111111111111111
1111111111111111111111111111111111111111
1111111111111111111111111111111111111111
1111111111111111111111111111111111111111
5