1111111111111111111111111111111111111111
1111111111111111111111111111111111111111
1111111111111111111111111111111111111111
1111111111111110111111111111111111111111
1111111111111110001111111111001111111111
1111111111111100000000000000001111111111
1111111111111000000000000000001111111111
1111111111111000000000000000000111111111
1111111111110000000000000000000111111111
1111111111100000000000000000001111111111
1111111111000000000011111111111111111111
1111111111000000111111111111111111111111
1111111110000001111111111111111111111111
1111111110000001111111111111111111111111
1111111100000011111111111111111111111111
1111111100000011111000000000111111111111
1111111100000010000000000000001111111111
1111111000000000000000000000000111111111
1111111000000000000000000000000011111111
1111111000000000000000000000000011111111
1111110000000000000001111100000011111111
1111110000000000011111111110000011111111
1111110000000001111111111110000001111111
1111110000000011111111111110000001111111
1111110000000111111111111110000001111111
1111110000000111111111111110000001111111
1111111111111111111111111110000011111111
1111111111111111111111111110000011111111
1111111111111111111111111100000011111111
1111111111111111111111111100000011111111
1111111111111111111111110000000111111111
1111111111111111111111000000000111111111
1111111000000000011100000000001111111111
1111111100000000000000000000011111111111
1111111110000000000000000000111111111111
1111111111000000000000000011111111111111
1111111111111000000000001111111111111111
1111111111111110000001111111111111111111
1111111111111111111111111111111111111111
1111111111111111111111111111111111111111
5