1111111111111111111111111111111111111111
1111111111110000001111111111111111111111
1111111111100000000011111111111111111111
1111111110000000000001111111111111111111
1111111100000000000000111111111111111111
1111110000000000000000111111111111111111
1111100000000011000000011111111111111111
1111100000000111100000011111111111111111
1111000000011111100000011111111111111111
1111000000111111100000111111111111111111
1111000001111111100000111111111111111111
1111000000111111000000111111111111111111
1111000000000001000000111111111111111111
1111000000000000000001111111111111111111
1111100000000000000001111111111111111111
1111110000000000000001111111111111111111
1111111100000000000000111111111111111111
1111111111110000000000011111111111111111
1111111111110000000000000111111111111111
1111111111100000000000000111111111111111
1111111111000000011000000011111111111111
1111111110000000111100000011111111111111
1111111000000000111110000011111111111111
1111110000000001111110000001111111111111
1111100000000011111110000001111111111111
1111000000001111111110000001111111111111
1111000000011111111110000001111111111111
1110000000111111111110000001111111111111
1110000001111111111110000001111111111111
1100000011111111111110000011111111111111
1100000011111111111110000011111111111111
1100000011111111100000000011111111111111
1100000000000000000000000011111111111111
1110000000000000000000000011111111111111
1110000000000000000000000111111111111111
1111000000000000000000011111111111111111
1111100000000000000111111111111111111111
1111111111111111111111111111111111111111
1111111111111111111111111111111111111111
1111111111111111111111111111111111111111
8