1111111111111111111111111111111111111111
1111111111111111111111111111111111111111
1111111111111111111111111111111111111111
1111111111111111111111111111111111111111
1111111111111110011111111111111111111111
1111111111111110000000111111111111111111
1111111111111110000000011111111111111111
1111111111111100000000011111111111111111
1111111111111000000000011111111111111111
1111111111111000000000111111111111111111
1111111111110000000000111111111111111111
1111111111110000000000111111111111111111
1111111111110000000001111111111111111111
1111111111100000000001111111111111111111
1111111111000000000001111111111111111111
1111111111000000000001111111111111111111
1111111110000000000001111111111111111111
1111111110000000000001111111111111111111
1111111100000010000001111111111111011111
1111111100000010000001111111111100011111
1111111000000110000001111110000000011111
1111111000000110000000000000000000011111
1111110000001111000000000000000000001111
1111100000001000000000000000000000001111
1111100000000000000000000000000000111111
1111100000000000000000000000011111111111
1111100000000000000000011111111111111111
1111100000000000000000011111111111111111
1111110000000001110000011111111111111111
1111111111111111110000001111111111111111
1111111111111111110000001111111111111111
1111111111111111111000001111111111111111
1111111111111111111000000111111111111111
1111111111111111111000000111111111111111
1111111111111111111111111111111111111111
1111111111111111111111111111111111111111
1111111111111111111111111111111111111111
1111111111111111111111111111111111111111
1111111111111111111111111111111111111111
1111111111111111111111111111111111111111
4