1111111111111111111111111111111111111111
1111111111111111111111111111111111111111
1111111111111111111111111111111111111111
1111111111111111111111111111111111111111
1111111111111111111111111111111111111111
1111111111111111111111111111111111111111
1111111111111100000001111111111111111111
1111111100000000000000001111111111111111
1111111100000000000000000011111111111111
1111111000000000000000000001111111111111
1111111000000000000000000000111111111111
1111111000000001111100000000011111111111
1111111111111111111111100000011111111111
1111111111111111111111110000001111111111
1111111111111111111111111000001111111111
1111111111111111111111111000001111111111
1111111111111111111111111100000111111111
1111111111111111111111111100000111111111
1111111111111111111111111100000111111111
1111111111111111111111111000000111111111
1111111111111111111111111000001111111111
1111111111111111111111110000001111111111
1111111111111111111111000000011111111111
1111111111111111111110000000011111111111
1111111111111111111000000000111111111111
1111111111111111100000000001111111111111
1111111111111110000000000011111111111111
1111111111111000000000000000111111111111
1111111111111000000000000000000001111111
1111111111111000000000000000000000000011
1111111111111100000000000000000000000001
1111111111111100000000000000000000000001
1111111111111101111111111110000000000001
1111111111111111111111111111111100000001
1111111111111111111111111111111111111011
1111111111111111111111111111111111111111
1111111111111111111111111111111111111111
1111111111111111111111111111111111111111
1111111111111111111111111111111111111111
1111111111111111111111111111111111111111
2