1111111111111111111111111111111111111111
1111111111111111111111111111111111111111
1111111111111110111111111111111111111111
1111111111111100000000111111111111111111
1111111111111100000000111111111111111111
1111111111111000000000111111111111111111
1111111111110000000000111111111111111111
1111111111110000000000111111111111111111
1111111111100000000000111111111111111111
1111111111100000000000111111111111111111
1111111111000000100000111111111111111111
1111111111000000000000111111111111111111
1111111110000001000000111111111111111111
1111111110000001000000111111111111111111
1111111100000011000001111111111111111111
1111111100000011000001111111111111111111
1111111000000111000001111111111111111111
1111111000000111000001111111111111111111
1111110000001110000001111111111111111111
1111110000001110000001111111111111111111
1111100000011110000001111111111111111111
1111100000011110000011111111111111001111
1111000000111110000010000000000000001111
1111000000111110000000000000000000001111
1110000000111100000000000000000000001111
1110000001000000000000000000000000001111
1110000000000000000000000000000000001111
1110000000000000000000011111111111111111
1110000000000000000011111111111111111111
1110000000000000000011111111111111111111
1111100000001110000011111111111111111111
1111111111111100000011111111111111111111
1111111111111100000011111111111111111111
1111111111111100000011111111111111111111
1111111111111100000111111111111111111111
1111111111111100000111111111111111111111
1111111111111100000111111111111111111111
1111111111111111111111111111111111111111
1111111111111111111111111111111111111111
1111111111111111111111111111111111111111
4