1111111111111111111111111111111111111111
1111111111111111111111111111111111111111
1111111111111111111110111111111111111111
1111111111111111111010001111111111111111
1111111111111111100000000111111111111111
1111111111111111000000000111111111111111
1111111111111110000000000111111111111111
1111111111111100000100000011111111111111
1111111111111100000000000011111111111111
1111111111111000000010000001111111111111
1111111111110000000110000001111111111111
1111111111110000001111000000111111111111
1111111111100000011111000000111111111111
1111111111100000011111100000011111111111
1111111111100000111111100000001111111111
1111111111000000111111110000001111111111
1111111111000000111111111000001111111111
1111111110000001111111111000000111111111
1111111110000001111111111000000111111111
1111111110000011111111111100000111111111
1111111100000011111111111100000111111111
1111111100000011111111111100000111111111
1111111100000011111111111100000111111111
1111111100000111111111111100000111111111
1111111100000111111111111100000111111111
1111111100000111111111111100000111111111
1111111100000011111111111100000111111111
1111111100000011111111111100000111111111
1111111100000011111111111100000111111111
1111111110000001111111111000000111111111
1111111110000001111111111000000111111111
1111111111000000111111110000001111111111
1111111111000000000111000000001111111111
1111111111100000000000000000011111111111
1111111111110000000000000000111111111111
1111111111111000000000000000111111111111
1111111111111100000000000011111111111111
1111111111111111100000001111111111111111
1111111111111111111111111111111111111111
1111111111111111111111111111111111111111
0