1111111111111111111111111111111111111111
1111111111111111111111111111111111111111
1111111111111111111111111111111111111111
1111111111111111111111111111111111111111
1111111111111111111100000011111111111111
1111111111111111111100000011111111111111
1111111111111111111100000011111111111111
1111111111111111111100000011111111111111
1111111111111101111100000011111111111111
1111111111111100011100000011111111111111
1111111111111000000100000011111111111111
1111111111111000000100000011111111111111
1111111111110000000100000011111111111111
1111111111110000001100000011111111111111
1111111111100000011100000011111111111111
1111111111100000011100000011111111111111
1111111111000000111100000011111111111111
1111111111000000111100000011111111111111
1111111110000001111100000000000011111111
1111111110000001111100000000000011111111
1111111100000011000000000000000011111111
1111111000000000000000000000000011111111
1111111000000000000000000000000011111111
1111110000000000000000000000111111111111
1111110000000000000000000011111111111111
1111110000000000001100000011111111111111
1111111100000001111110000011111111111111
1111111111001111111110000011111111111111
1111111111111111111110000011111111111111
1111111111111111111110000011111111111111
1111111111111111111110000011111111111111
1111111111111111111110000011111111111111
1111111111111111111110000011111111111111
1111111111111111111100000011111111111111
1111111111111111111100000011111111111111
1111111111111111111100000011111111111111
1111111111111111111100000011111111111111
1111111111111111111100000111111111111111
1111111111111111111100000111111111111111
1111111111111111111100000111111111111111
4