1111111111111111111111111111111111111111
1111111111111111111111111111111111111111
1111111111111111111111111111111111111111
1111111111111111111111111111111111111111
1111111111111111111111111111111111111111
1111111111111111111111111111111111111111
1111111111111111111111111111111111111111
1111111111111111011110000111111111111111
1111111111111110000000000111111111111111
1111111111111110000000000111111111111111
1111111111111100000000000111111111111111
1111111111111100000000000111111111111111
1111111111111100000100000111111111111111
1111111111111000000100000111111111111111
1111111111111000000100000111111111111111
1111111111110000001100000111111111111111
1111111111110000001100000011111111111111
1111111111110000011100000011111111111111
1111111111100000011110000011111111111111
1111111111000000011110000011111111111111
1111111111000000111110000011111111111111
1111111111000001111110000011111110001111
1111111110000001111110000011111000001111
1111111110000001111110000011000000001111
1111111100000011111110000000000000001111
1111111100000011111110000000000000001111
1111111000000111100000000000000000011111
1111111000000000000000000000000001111111
1111110000000000000000000000001111111111
1111110000000000000000000001111111111111
1111110000000000000000000001111111111111
1111111000000000000110000001111111111111
1111111000000001111110000001111111111111
1111111110011111111110000001111111111111
1111111111111111111111000001111111111111
1111111111111111111111000001111111111111
1111111111111111111111000001111111111111
1111111111111111111111000001111111111111
1111111111111111111111000001111111111111
1111111111111111111111000001111111111111
4