1111111111111111111111111111111111111111
1111111111111111111111111111111111111111
1111111111111111111111111111111111111111
1111111111111111111111111111111111111111
1111111111111111111111111111111111111111
1111111111111111111111111111101111111111
1111111111110111110000000000000011111111
1111111111000000000000000000000001111111
1111111110000000000000000000000001111111
1111111111000000000000000000000001111111
1111111110000000000000000000000001111111
1111111110000000000001111110000011111111
1111111110000000011111111110000011111111
1111111111000000000111111100000011111111
1111111111000000000011111100000011111111
1111111111110000000000111000000111111111
1111111111111000000000011000000111111111
1111111111111110000000000000001111111111
1111111111111111100000000000001111111111
1111111111111111110000000000011111111111
1111111111111111111000000000000111111111
1111111111111111111110000000000011111111
1111111111111111111111000000000001111111
1111111111111111111111000000000000111111
1111111111111111111110000000000000011111
1111111111111111111110000001100000011111
1111111111111111111100000011100000001111
1111111111111111111100000011110000001111
1111111111111111111000000111111000000111
1111111111111111111000000111111000000111
1111111111111111111000000111111000000111
1111111111111111110000001111111000000111
1111111111111111110000001111110000001111
1111111111111111100000011111100000001111
1111111111111111100000000000000000011111
1111111111111111100000000000000000011111
1111111111111111100000000000000000111111
1111111111111111110000000000000001111111
1111111111111111110000000000000111111111
1111111111111111111111111111111111111111
8