1111111111111111111111111111111111111111
1111111111111111111111111111111111111111
1111111111111111111111111111111111111111
1111111111111111111111111111111111111111
1111111111111111111111111110111111111111
1111111111111111111111111100011111111111
1111111111111111111111111000001111111111
1111111111111111111111110000000111111111
1111111111111111111111110000001111111111
1111111111111111111111100000011111111111
1111111111111111111111000000111111111111
1111111111111111111110000000111111111111
1111111111111111111100000001111111111111
1111111111111111111100000011111111111111
1111111111111111111000000111111111111111
1111111111111111110000000111111111111111
1111111111111111100000001111111111111111
1111111111111111000000011111111111111111
1111111111111110000000111111111111111111
1111111111111100000001111111111111111111
1111111111111000000011111111111111111111
1111111111110000000111111111111111111111
1111111111100000001111111111111111111111
1111111111000000011111111111111111111111
1111111110000000111111111111111111111111
1111111100000001111111111111111111111111
1111111000000011111111111111111111111111
1111111000000111111111111111111111111111
1111110000001111111111111111111111111111
1111100000001111111111111111111111111111
1111000000011111111111111111111111111111
1110000000111111111111111111111111111111
1110000001111111111111111111111111111111
1111000011111111111111111111111111111111
1111000011111111111111111111111111111111
1111100111111111111111111111111111111111
1111111111111111111111111111111111111111
1111111111111111111111111111111111111111
1111111111111111111111111111111111111111
1111111111111111111111111111111111111111
1
