1111111111111111111111111111111111111111
1111111111111111111111111111111111111111
1111111111111111111111111111111111111111
1111111111111111011111111111111111111111
1111111111111100011111111111111111111111
1111111111110000001111111111111111111111
1111111111000000000111111111111111111111
1111111110000000000111111111111111111111
1111111100000000001111111111111111111111
1111111000000000111111111111111111111111
1111110000000011111111111111111111111111
1111100000000111111111111111111111111111
1111000000001111111111111111111111111111
1110000000011111111111111111111111111111
1100000000111111111111111111111111111111
1100000001111111111111111111111111111111
1000000011111111111111111111111111111111
1000000111111111111111111111111111111111
0000001111111111111111111111111111111111
0000001111000000000001111111111111111111
0000010000000000000000011111111111111111
0000000000000000000000001111111111111111
0000000000000000000000000011111111111111
0000000000000000000000000001111111111111
0000000000011111110000000001111111111111
0000000011111111111110000000111111111111
0000000111111111111111000000011111111111
0000001111111111111111100000011111111111
0000000111111111111111100000011111111111
1000000011111111111111000000011111111111
1000000001111111111100000000111111111111
1100000000111111110000000000111111111111
1110000000000000000000000001111111111111
1111000000000000000000000011111111111111
1111100000000000000000001111111111111111
1111110000000000000000011111111111111111
1111111100000000000011111111111111111111
1111111111111111111111111111111111111111
1111111111111111111111111111111111111111
1111111111111111111111111111111111111111
6