1111111111111111111111111111111111111111
1111111111111111111111111111111111111111
1111111111111111111111111111111111111111
1111111111111111100000000011111111111111
1111111111110000000000000001111111111111
1111111111000000000000000000111111111111
1111111000000000000000000000011111111111
1111110000000000000000000000011111111111
1111110000000000000001100000011111111111
1111110000000011111111100000111111111111
1111111000001111111111000000111111111111
1111111101111111111111000000111111111111
1111111111111111111110000000111111111111
1111111111111111111110000000111111111111
1111111111111111111110000001111111111111
1111111111111111111100000001111111111111
1111111111111111111100000001111111111111
1111111111111111111000000011111111111111
1111111111111111111000000011111111111111
1111111111111111110000000011111111111111
1111111111111111110000000111111111111111
1111111111111111110000001111111111111111
1111111111111111100000011111111111111111
1111111111111111000000011111111111111111
1111111111111111000000111111111111111111
1111111111111110000000111111111111111111
1111111111111110000001111111111111111111
1111111111111100000001111111111111111111
1111111111111100000011111111111111111111
1111111111111000000011000000000000011111
1111111111111000000000000000000000011111
1111111111110000000000000000000000011111
1111111111110000000000000000000000111111
1111111111110000000000000000000000111111
1111111111111100000000000111111110111111
1111111111111110000111111111111111111111
1111111111111111111111111111111111111111
1111111111111111111111111111111111111111
1111111111111111111111111111111111111111
1111111111111111111111111111111111111111
2