1111111111111111111111111111111111111111
1111111111111111111111111111111111111111
1111111111111111111111111111111111111111
1111111111111111111111111111111111111111
1111111111111111110011111111111111111111
1111111111111111110000001111111111111111
1111111000001111110000011111111111111111
1111111000000111110000011111111111111111
1111111000001111110000011111111111111111
1111110000001111110000011111111111111111
1111100000001111110000011111111111111111
1111100000011111110000011111111111111111
1111100000011111110000011111111111111111
1111000000111111100000011111111111111111
1111000000111111100000011111111111111111
1110000001111111100000011111110111111111
1110000001111111100000011000000111111111
1110000011111111100000000000000111111111
1100000000000000000000000000000111111111
1100000000000000000000000000000111111111
1100000000000000000000000000000111111111
1110000000000000000000000000111111111111
1110000000000000000000111111111111111111
1111100000000111100000111111111111111111
1111111111111111100000111111111111111111
1111111111111111100000111111111111111111
1111111111111111100000111111111111111111
1111111111111111100000111111111111111111
1111111111111111100000111111111111111111
1111111111111111100000111111111111111111
1111111111111111100000111111111111111111
1111111111111111100000111111111111111111
1111111111111111100000111111111111111111
1111111111111111111111111111111111111111
1111111111111111111111111111111111111111
1111111111111111111111111111111111111111
1111111111111111111111111111111111111111
1111111111111111111111111111111111111111
1111111111111111111111111111111111111111
1111111111111111111111111111111111111111
4