1111111111111111111111111111111111111111
1111111111111111111111111111111111111111
1111111111111111111111111111111111111111
1111111111111111111111111111111111111111
1111111111111111111111111111111111111111
1111111111111110000000011111111111111111
1111111111110000000000000111111111111111
1111111111000000000000000001111111111111
1111111110000000000000000000111111111111
1111111110000000000000000001111111111111
1111111100000000011110000011111111111111
1111111100000011111111100111111111111111
1111111100000011111111111111111111111111
1111111100000111111111111111111111111111
1111111000000111111111111111111111111111
1111111000000111111111111111111111111111
1111111000001111111111111111111111111111
1111111000001111111111111111111111111111
1111111000001110000001111111111111111111
1111111000001000000000011111111111111111
1111111000000000000000000111111111111111
1111111000000000000000000011111111111111
1111111000001000000000000001111111111111
1111111000001100000000000000111111111111
1111111000001111111110000000111111111111
1111111000001111111111000000011111111111
1111111000001111111111100000011111111111
1111111000001111111111110000001111111111
1111111000001111111111110000001111111111
1111111000001111111111100000001111111111
1111111000001111111111000000011111111111
1111111000000111111110000000011111111111
1111111000000111111100000000111111111111
1111111100000001110000000001111111111111
1111111100000000000000000011111111111111
1111111100000000000000000111111111111111
1111111110000000000000011111111111111111
1111111111100000000000111111111111111111
1111111111111000000011111111111111111111
1111111111111111111111111111111111111111
6