1111111111111111111111111111111111111111
1111111111111111111111111111111111111111
1111111111111111111111111111111111111111
1111111111111111111111111111111111110111
1111111111111111111111111111111111100000
1111111111111111111111111111111111100000
1111111111111111111111111111111111100000
1111111111111111111111111111111111100000
1111111111111111111111111111111111100000
1111111111111111111111111111111111100000
1111111111111111111111111111111111100000
1111111111111111111111111111111111100000
1111111111111111111111111111111111100000
1111111111111111111111111111111111000000
1111111111111111111111111111111111000000
1111111111111111111111111111111111000000
1111111111111111111111111111111111000001
1111111111111111111111111111111111000001
1111111111111111111111111111111111000001
1111111111111111111111111111111111000001
1111111111111111111111111111111111000001
1111111111111111111111111111111111000001
1111111111111111111111111111111110000001
1111111111111111111111111111111110000001
1111111111111111111111111111111110000001
1111111111111111111111111111111110000011
1111111111111111111111111111111100000011
1111111111111111111111111111111100000011
1111111111111111111111111111111100000111
1111111111111111111111111111111100000111
1111111111111111111111111111111100000111
1111111111111111111111111111111100000111
1111111111111111111111111111111000000111
1111111111111111111111111111111000000111
1111111111111111111111111111111000000111
1111111111111111111111111111111000001111
1111111111111111111111111111111000001111
1111111111111111111111111111111111111111
1111111111111111111111111111111111111111
1111111111111111111111111111111111111111
1