1111111111111111111111111111111111111111
1111111111111111111111111111111111111111
1111111111111111111111111111111111111111
1111111111111111111111111111111111111111
1111111111111111111111111111111111111111
1111111111111111111111111111111111111111
1111111111111111110000000000001111111111
1111111111110000000000000000000111111111
1111111100000000000000000000000011111111
1111111100000000000000000000000011111111
1111111100000000000000000000000011111111
1111111100000000000001111100000011111111
1111111000000011111111111100000011111111
1111111000000011111111111100000011111111
1111111000000001111111111100000111111111
1111111100000000001111111100000111111111
1111111100000000000011111000000111111111
1111111110000000000000011000000111111111
1111111111110000000000000000001111111111
1111111111111000000000000000001111111111
1111111111111110000000000000001111111111
1111111111111111110000000000000111111111
1111111111111111111110000000000011111111
1111111111111111111111100000000000111111
1111111111111111111111000000000000011111
1111111111111111111111000000000000001111
1111111111111111111110000001100000000111
1111111111111111111110000001110000000111
1111111111111111111110000011111100000111
1111111111111111111100000011111100000011
1111111111111111111100000011111100000011
1111111111111111111100000111111100000011
1111111111111111111000000011111100000011
1111111111111111111000000000011000000011
1111111111111111111000000000000000000111
1111111111111111110000000000000000000111
1111111111111111111111000000000000000111
1111111111111111111111110000000000011111
1111111111111111111111111110000000111111
1111111111111111111111111111111111111111
8