1111111111111111111111111111111111111111
1111111111111111111111111111111111111111
1111111111111111111111111111111111111111
1111111111111111111111111111111111111111
1111111111110000011111111111111111111111
1111111111110000011111111111111111111111
1111111111100000011111111111111111111111
1111111111100000011111111111111111111111
1111111111100000000000000000000001111111
1111111111000000000000000000000001111111
1111111111000000000000000000000001111111
1111111111000000000000000000000000111111
1111111110000000000000000000000000111111
1111111110000001111111111111111111111111
1111111110000011111111111111111111111111
1111111100000000000001111111111111111111
1111111100000000000000011111111111111111
1111111000000000000000000011111111111111
1111111000000000000000000001111111111111
1111111000000000000000000000111111111111
1111111100000000010000000000011111111111
1111111100000011111110000000001111111111
1111111111111111111111110000001111111111
1111111111111111111111111000001111111111
1111111111111111111111111000001111111111
1111111111111111111111111000001111111111
1111111111111111111111111000001111111111
1111111111111111111111111000001111111111
1111111111111111111111111000001111111111
1111111110000011111111110000001111111111
1111111110000000011111000000011111111111
1111111110000000000000000000011111111111
1111111110000000000000000000111111111111
1111111110000000000000000001111111111111
1111111111100000000000000011111111111111
1111111111111100000000000111111111111111
1111111111111111111111111111111111111111
1111111111111111111111111111111111111111
1111111111111111111111111111111111111111
1111111111111111111111111111111111111111
5