1111111111111111111111111111111111111111
1111111111111111111111111111111111111111
1111111111111111111111111111111111111111
1111111111111111111111111111111111111111
1111111111111111110000000001111111111111
1111111111111111100000000001111111111111
1111111111111111100000000001111111111111
1111111111111111000000000001111111111111
1111111111111111000000000001111111111111
1111111111111110000000000001111111111111
1111111111111100000000000001111111111111
1111111111111100000010000001111111111111
1111111111111000000110000001111111111111
1111111111110000000110000001111111111111
1111111111110000001110000001111111111111
1111111111100000011110000001111111111111
1111111111000000011110000001111111111111
1111111111000000111110000001111111111111
1111111110000001111110000001111111111111
1111111100000001111110000001111111111111
1111111100000011111110000001111111111111
1111111000000011111110000001111111111111
1111111000000111111110000001111100011111
1111110000001111111110000000000000011111
1111110000001111111100000000000000011111
1111100000000000000000000000000000011111
1111000000000000000000000000000000011111
1111000000000000000000000000000000011111
1111000000000000000000000000111111111111
1111100000000000000000000001111111111111
1111100000000011111111000001111111111111
1111111111111111111111000001111111111111
1111111111111111111111000000111111111111
1111111111111111111111000000111111111111
1111111111111111111111000000111111111111
1111111111111111111111000000111111111111
1111111111111111111111111111111111111111
1111111111111111111111111111111111111111
1111111111111111111111111111111111111111
1111111111111111111111111111111111111111
4